  TEMP    TSUSC     CSUSC NSUSC       BULKS    FERRT    FERRB   TIME  emptyf4
  29.3    174.4      0.00 0.000           0        0        0      0        0
  29.8    176.7      0.00 0.000           0        0        0     16        0
  31.6    188.8      0.00 0.000           0        0        0     31        0
  35.0    205.7      0.00 0.000           0        0        0     46        0
  38.9    223.7      0.00 0.000           0        0        0     61        0
  43.3    241.1      0.00 0.000           0        0        0     76        0
  48.2    257.8      0.00 0.000           0        0        0     93        0
  53.1    275.1      0.00 0.000           0        0        0    110        0
  57.8    288.8      0.00 0.000           0        0        0    126        0
  62.2    302.6      0.00 0.000           0        0        0    143        0
  66.2    312.4      0.00 0.000           0        0        0    160        0
  69.8    322.9      0.00 0.000           0        0        0    176        0
  73.5    331.2      0.00 0.000           0        0        0    193        0
  76.6    339.1      0.00 0.000           0        0        0    209        0
  80.0    346.5      0.00 0.000           0        0        0    226        0
  83.4    354.4      0.00 0.000           0        0        0    243        0
  86.6    360.9      0.00 0.000           0        0        0    259        0
  89.7    366.8      0.00 0.000           0        0        0    276        0
  92.6    372.0      0.00 0.000           0        0        0    293        0
  95.8    373.3      0.00 0.000           0        0        0    309        0
  98.4    374.7      0.00 0.000           0        0        0    326        0
 101.3    373.5      0.00 0.000           0        0        0    343        0
 104.2    369.9      0.00 0.000           0        0        0    359        0
 107.1    365.1      0.00 0.000           0        0        0    376        0
 109.8    355.8      0.00 0.000           0        0        0    392        0
 112.7    344.0      0.00 0.000           0        0        0    409        0
 115.3    330.6      0.00 0.000           0        0        0    426        0
 118.2    317.4      0.00 0.000           0        0        0    442        0
 121.2    298.4      0.00 0.000           0        0        0    459        0
 123.8    278.4      0.00 0.000           0        0        0    475        0
 126.7    254.0      0.00 0.000           0        0        0    492        0
 129.4    235.2      0.00 0.000           0        0        0    507        0
 132.3    210.2      0.00 0.000           0        0        0    522        0
 135.0    184.2      0.00 0.000           0        0        0    537        0
 137.9    159.8      0.00 0.000           0        0        0    552        0
 140.6    137.6      0.00 0.000           0        0        0    568        0
 143.5    115.9      0.00 0.000           0        0        0    583        0
 146.5     96.4      0.00 0.000           0        0        0    598        0
 149.4     79.4      0.00 0.000           0        0        0    613        0
 152.1     64.1      0.00 0.000           0        0        0    628        0
 155.1     50.0      0.00 0.000           0        0        0    643        0
 158.0     37.0      0.00 0.000           0        0        0    659        0
 161.0     25.7      0.00 0.000           0        0        0    674        0
 163.6     15.8      0.00 0.000           0        0        0    689        0
 166.9      6.5      0.00 0.000           0        0        0    704        0
 169.8     -1.9      0.00 0.000           0        0        0    719        0
 172.8     -8.8      0.00 0.000           0        0        0    734        0
 175.8    -14.9      0.00 0.000           0        0        0    749        0
 178.5    -20.1      0.00 0.000           0        0        0    764        0
 181.4    -24.9      0.00 0.000           0        0        0    779        0
 184.4    -29.8      0.00 0.000           0        0        0    794        0
 187.4    -33.9      0.00 0.000           0        0        0    810        0
 190.4    -37.4      0.00 0.000           0        0        0    825        0
 193.4    -40.9      0.00 0.000           0        0        0    840        0
 196.4    -44.4      0.00 0.000           0        0        0    855        0
 199.3    -46.8      0.00 0.000           0        0        0    870        0
 202.3    -49.2      0.00 0.000           0        0        0    885        0
 205.3    -52.2      0.00 0.000           0        0        0    900        0
 208.3    -53.5      0.00 0.000           0        0        0    916        0
 211.3    -56.0      0.00 0.000           0        0        0    931        0
 214.6    -59.0      0.00 0.000           0        0        0    946        0
 217.6    -60.3      0.00 0.000           0        0        0    961        0
 220.6    -61.5      0.00 0.000           0        0        0    976        0
 223.9    -63.3      0.00 0.000           0        0        0    991        0
 226.9    -65.3      0.00 0.000           0        0        0   1006        0
 230.0    -66.6      0.00 0.000           0        0        0   1021        0
 233.0    -68.4      0.00 0.000           0        0        0   1037        0
 236.3    -69.2      0.00 0.000           0        0        0   1052        0
 239.3    -70.5      0.00 0.000           0        0        0   1067        0
 242.9    -71.4      0.00 0.000           0        0        0   1082        0
 245.9    -72.2      0.00 0.000           0        0        0   1097        0
 249.2    -73.2      0.00 0.000           0        0        0   1112        0
 252.6    -74.3      0.00 0.000           0        0        0   1127        0
 255.6    -75.4      0.00 0.000           0        0        0   1143        0
 258.7    -76.4      0.00 0.000           0        0        0   1158        0
 261.7    -77.4      0.00 0.000           0        0        0   1173        0
 265.0    -78.5      0.00 0.000           0        0        0   1188        0
 268.4    -79.7      0.00 0.000           0        0        0   1203        0
 271.2    -81.2      0.00 0.000           0        0        0   1218        0
 274.2    -81.9      0.00 0.000           0        0        0   1233        0
 277.3    -82.8      0.00 0.000           0        0        0   1248        0
 280.3    -84.1      0.00 0.000           0        0        0   1264        0
 283.4    -84.3      0.00 0.000           0        0        0   1279        0
 286.8    -84.9      0.00 0.000           0        0        0   1294        0
 289.9    -85.9      0.00 0.000           0        0        0   1309        0
 293.2    -86.4      0.00 0.000           0        0        0   1324        0
 296.3    -86.7      0.00 0.000           0        0        0   1339        0
 299.4    -86.9      0.00 0.000           0        0        0   1354        0
 302.5    -87.9      0.00 0.000           0        0        0   1369        0
 305.3    -89.0      0.00 0.000           0        0        0   1384        0
 308.7    -88.9      0.00 0.000           0        0        0   1400        0
 311.5    -89.7      0.00 0.000           0        0        0   1415        0
 314.6    -90.1      0.00 0.000           0        0        0   1430        0
 317.4    -89.9      0.00 0.000           0        0        0   1445        0
 320.5    -91.4      0.00 0.000           0        0        0   1460        0
 323.6    -91.8      0.00 0.000           0        0        0   1476        0
 326.8    -92.3      0.00 0.000           0        0        0   1491        0
 329.9    -92.8      0.00 0.000           0        0        0   1506        0
 333.3    -92.9      0.00 0.000           0        0        0   1521        0
 337.0    -94.2      0.00 0.000           0        0        0   1536        0
 340.4    -94.1      0.00 0.000           0        0        0   1551        0
 343.8    -95.0      0.00 0.000           0        0        0   1566        0
 346.9    -94.4      0.00 0.000           0        0        0   1581        0
 350.4    -96.1      0.00 0.000           0        0        0   1597        0
 353.5    -96.2      0.00 0.000           0        0        0   1612        0
 356.9    -97.0      0.00 0.000           0        0        0   1627        0
 360.1    -96.5      0.00 0.000           0        0        0   1642        0
 363.8    -97.9      0.00 0.000           0        0        0   1657        0
 367.0    -98.2      0.00 0.000           0        0        0   1672        0
 370.4    -98.8      0.00 0.000           0        0        0   1688        0
 373.6    -99.3      0.00 0.000           0        0        0   1703        0
 377.0    -99.8      0.00 0.000           0        0        0   1718        0
 380.2   -100.2      0.00 0.000           0        0        0   1733        0
 383.7    -99.8      0.00 0.000           0        0        0   1748        0
 386.9   -100.8      0.00 0.000           0        0        0   1763        0
 389.7   -101.1      0.00 0.000           0        0        0   1778        0
 393.5   -100.9      0.00 0.000           0        0        0   1793        0
 396.7   -101.9      0.00 0.000           0        0        0   1809        0
 399.9   -102.1      0.00 0.000           0        0        0   1824        0
 402.8   -102.3      0.00 0.000           0        0        0   1839        0
 406.0   -103.2      0.00 0.000           0        0        0   1854        0
 408.9   -103.2      0.00 0.000           0        0        0   1869        0
 412.1   -103.7      0.00 0.000           0        0        0   1885        0
 415.3   -104.4      0.00 0.000           0        0        0   1900        0
 418.8   -105.1      0.00 0.000           0        0        0   1915        0
 421.8   -105.1      0.00 0.000           0        0        0   1930        0
 425.0   -106.2      0.00 0.000           0        0        0   1946        0
 428.2   -106.7      0.00 0.000           0        0        0   1961        0
 431.1   -106.8      0.00 0.000           0        0        0   1976        0
 434.1   -108.0      0.00 0.000           0        0        0   1991        0
 437.3   -108.7      0.00 0.000           0        0        0   2006        0
 440.5   -109.0      0.00 0.000           0        0        0   2021        0
 444.1   -109.9      0.00 0.000           0        0        0   2037        0
 447.3   -110.3      0.00 0.000           0        0        0   2052        0
 450.6   -111.0      0.00 0.000           0        0        0   2067        0
 453.5   -111.0      0.00 0.000           0        0        0   2082        0
 456.2   -111.0      0.00 0.000           0        0        0   2097        0
 459.1   -112.1      0.00 0.000           0        0        0   2113        0
 462.1   -112.9      0.00 0.000           0        0        0   2128        0
 465.1   -113.0      0.00 0.000           0        0        0   2143        0
 467.7   -113.3      0.00 0.000           0        0        0   2158        0
 470.7   -112.9      0.00 0.000           0        0        0   2173        0
 473.4   -113.9      0.00 0.000           0        0        0   2189        0
 475.8   -114.5      0.00 0.000           0        0        0   2204        0
 478.5   -114.5      0.00 0.000           0        0        0   2219        0
 481.4   -114.6      0.00 0.000           0        0        0   2234        0
 484.1   -114.3      0.00 0.000           0        0        0   2249        0
 486.8   -115.4      0.00 0.000           0        0        0   2265        0
 489.5   -115.9      0.00 0.000           0        0        0   2280        0
 492.2   -116.0      0.00 0.000           0        0        0   2295        0
 494.9   -116.2      0.00 0.000           0        0        0   2310        0
 497.6   -116.4      0.00 0.000           0        0        0   2325        0
 500.3   -117.1      0.00 0.000           0        0        0   2340        0
 503.6   -117.4      0.00 0.000           0        0        0   2356        0
 506.9   -117.9      0.00 0.000           0        0        0   2371        0
 509.9   -118.3      0.00 0.000           0        0        0   2386        0
 513.3   -118.8      0.00 0.000           0        0        0   2401        0
 516.0   -119.4      0.00 0.000           0        0        0   2416        0
 518.7   -119.8      0.00 0.000           0        0        0   2431        0
 521.7   -120.3      0.00 0.000           0        0        0   2447        0
 524.5   -120.8      0.00 0.000           0        0        0   2462        0
 527.2   -121.4      0.00 0.000           0        0        0   2477        0
 529.9   -122.2      0.00 0.000           0        0        0   2492        0
 533.0   -122.3      0.00 0.000           0        0        0   2508        0
 536.3   -123.3      0.00 0.000           0        0        0   2523        0
 539.3   -124.2      0.00 0.000           0        0        0   2538        0
 542.7   -125.1      0.00 0.000           0        0        0   2553        0
 545.8   -126.2      0.00 0.000           0        0        0   2568        0
 548.8   -126.7      0.00 0.000           0        0        0   2584        0
 551.9   -129.1      0.00 0.000           0        0        0   2599        0
 555.2   -131.2      0.00 0.000           0        0        0   2614        0
 558.0   -133.2      0.00 0.000           0        0        0   2629        0
 560.8   -134.6      0.00 0.000           0        0        0   2644        0
 563.5   -136.2      0.00 0.000           0        0        0   2660        0
 566.3   -138.4      0.00 0.000           0        0        0   2675        0
 569.1   -139.9      0.00 0.000           0        0        0   2690        0
 572.1   -140.7      0.00 0.000           0        0        0   2705        0
 574.9   -141.5      0.00 0.000           0        0        0   2721        0
 577.1   -142.0      0.00 0.000           0        0        0   2736        0
 579.5   -143.3      0.00 0.000           0        0        0   2751        0
 582.9   -144.9      0.00 0.000           0        0        0   2766        0
 585.7   -146.6      0.00 0.000           0        0        0   2782        0
 588.8   -147.8      0.00 0.000           0        0        0   2797        0
 591.9   -148.7      0.00 0.000           0        0        0   2812        0
 595.0   -149.5      0.00 0.000           0        0        0   2828        0
 597.8   -149.1      0.00 0.000           0        0        0   2843        0
 600.6   -149.6      0.00 0.000           0        0        0   2858        0
 603.8   -149.5      0.00 0.000           0        0        0   2873        0
 606.9   -149.5      0.00 0.000           0        0        0   2888        0
 610.3   -149.7      0.00 0.000           0        0        0   2904        0
 613.4   -148.9      0.00 0.000           0        0        0   2919        0
 617.2   -149.5      0.00 0.000           0        0        0   2934        0
 620.3   -150.0      0.00 0.000           0        0        0   2949        0
 623.5   -149.7      0.00 0.000           0        0        0   2965        0
 626.3   -149.8      0.00 0.000           0        0        0   2980        0
 629.1   -149.5      0.00 0.000           0        0        0   2995        0
 632.3   -149.8      0.00 0.000           0        0        0   3011        0
 635.1   -149.9      0.00 0.000           0        0        0   3026        0
 638.3   -149.9      0.00 0.000           0        0        0   3041        0
 641.4   -150.1      0.00 0.000           0        0        0   3056        0
 644.6   -150.1      0.00 0.000           0        0        0   3072        0
 647.8   -150.5      0.00 0.000           0        0        0   3087        0
 650.6   -150.2      0.00 0.000           0        0        0   3102        0
 653.5   -150.4      0.00 0.000           0        0        0   3117        0
 656.6   -150.6      0.00 0.000           0        0        0   3133        0
 659.5   -150.3      0.00 0.000           0        0        0   3148        0
 663.0   -150.3      0.00 0.000           0        0        0   3163        0
 666.5   -149.9      0.00 0.000           0        0        0   3178        0
 669.7   -150.6      0.00 0.000           0        0        0   3194        0
 672.6   -150.9      0.00 0.000           0        0        0   3209        0
 675.8   -150.9      0.00 0.000           0        0        0   3224        0
 678.7   -150.6      0.00 0.000           0        0        0   3239        0
 680.9   -150.7      0.00 0.000           0        0        0   3255        0
 683.5   -150.8      0.00 0.000           0        0        0   3270        0
 686.4   -151.0      0.00 0.000           0        0        0   3285        0
 689.9   -150.9      0.00 0.000           0        0        0   3300        0
 692.8   -150.6      0.00 0.000           0        0        0   3316        0
 696.0   -150.9      0.00 0.000           0        0        0   3331        0
 699.3   -151.5      0.00 0.000           0        0        0   3346        0
 702.2   -150.9      0.00 0.000           0        0        0   3361        0
 703.8   -150.8      0.00 0.000           0        0        0   3377        0
 704.8   -151.0      0.00 0.000           0        0        0   3392        0
 705.1   -151.1      0.00 0.000           0        0        0   3407        0
 704.1   -150.5      0.00 0.000           0        0        0   3422        0
 702.2   -150.8      0.00 0.000           0        0        0   3438        0
 699.6   -150.4      0.00 0.000           0        0        0   3453        0
 696.7   -150.2      0.00 0.000           0        0        0   3468        0
 693.8   -149.9      0.00 0.000           0        0        0   3483        0
 691.5   -149.6      0.00 0.000           0        0        0   3499        0
 688.9   -149.4      0.00 0.000           0        0        0   3514        0
 686.7   -148.9      0.00 0.000           0        0        0   3530        0
 684.4   -148.9      0.00 0.000           0        0        0   3545        0
 682.5   -148.9      0.00 0.000           0        0        0   3560        0
 680.3   -148.6      0.00 0.000           0        0        0   3575        0
 678.0   -148.4      0.00 0.000           0        0        0   3590        0
 675.5   -148.3      0.00 0.000           0        0        0   3605        0
 672.9   -148.1      0.00 0.000           0        0        0   3621        0
 670.3   -148.1      0.00 0.000           0        0        0   3636        0
 667.8   -147.7      0.00 0.000           0        0        0   3651        0
 665.2   -147.6      0.00 0.000           0        0        0   3667        0
 663.0   -147.5      0.00 0.000           0        0        0   3682        0
 660.8   -147.6      0.00 0.000           0        0        0   3697        0
 658.6   -147.3      0.00 0.000           0        0        0   3713        0
 656.0   -147.2      0.00 0.000           0        0        0   3728        0
 653.5   -147.4      0.00 0.000           0        0        0   3743        0
 650.9   -146.9      0.00 0.000           0        0        0   3758        0
 648.4   -147.2      0.00 0.000           0        0        0   3774        0
 645.9   -146.9      0.00 0.000           0        0        0   3789        0
 643.3   -146.9      0.00 0.000           0        0        0   3804        0
 640.8   -146.4      0.00 0.000           0        0        0   3819        0
 638.3   -146.4      0.00 0.000           0        0        0   3835        0
 635.7   -146.4      0.00 0.000           0        0        0   3850        0
 633.2   -146.5      0.00 0.000           0        0        0   3865        0
 630.4   -146.1      0.00 0.000           0        0        0   3880        0
 627.9   -146.2      0.00 0.000           0        0        0   3896        0
 624.7   -146.0      0.00 0.000           0        0        0   3911        0
 621.6   -145.8      0.00 0.000           0        0        0   3926        0
 618.8   -145.6      0.00 0.000           0        0        0   3941        0
 616.3   -145.6      0.00 0.000           0        0        0   3957        0
 613.8   -145.4      0.00 0.000           0        0        0   3972        0
 610.9   -145.3      0.00 0.000           0        0        0   3987        0
 608.4   -145.2      0.00 0.000           0        0        0   4002        0
 605.9   -145.3      0.00 0.000           0        0        0   4017        0
 603.1   -145.0      0.00 0.000           0        0        0   4033        0
 600.3   -144.5      0.00 0.000           0        0        0   4048        0
 597.2   -144.1      0.00 0.000           0        0        0   4063        0
 594.1   -143.3      0.00 0.000           0        0        0   4078        0
 591.0   -141.7      0.00 0.000           0        0        0   4093        0
 588.2   -139.6      0.00 0.000           0        0        0   4109        0
 585.7   -137.0      0.00 0.000           0        0        0   4124        0
 583.6   -135.2      0.00 0.000           0        0        0   4139        0
 581.1   -132.7      0.00 0.000           0        0        0   4154        0
 578.3   -131.0      0.00 0.000           0        0        0   4169        0
 576.5   -129.8      0.00 0.000           0        0        0   4185        0
 573.4   -128.9      0.00 0.000           0        0        0   4200        0
 570.6   -128.2      0.00 0.000           0        0        0   4215        0
 567.5   -127.6      0.00 0.000           0        0        0   4230        0
 564.8   -127.2      0.00 0.000           0        0        0   4246        0
 562.3   -127.1      0.00 0.000           0        0        0   4261        0
 559.2   -126.2      0.00 0.000           0        0        0   4276        0
 556.5   -126.6      0.00 0.000           0        0        0   4291        0
 553.7   -125.0      0.00 0.000           0        0        0   4306        0
 550.3   -124.4      0.00 0.000           0        0        0   4322        0
 547.6   -123.6      0.00 0.000           0        0        0   4337        0
 544.5   -123.1      0.00 0.000           0        0        0   4352        0
 541.8   -122.5      0.00 0.000           0        0        0   4367        0
 539.0   -121.9      0.00 0.000           0        0        0   4383        0
 536.0   -121.4      0.00 0.000           0        0        0   4398        0
 533.0   -120.8      0.00 0.000           0        0        0   4413        0
 529.6   -120.6      0.00 0.000           0        0        0   4428        0
 526.3   -119.7      0.00 0.000           0        0        0   4443        0
 523.2   -118.7      0.00 0.000           0        0        0   4459        0
 520.2   -118.1      0.00 0.000           0        0        0   4474        0
 517.2   -117.3      0.00 0.000           0        0        0   4489        0
 514.5   -116.7      0.00 0.000           0        0        0   4504        0
 511.5   -116.2      0.00 0.000           0        0        0   4519        0
 508.7   -115.2      0.00 0.000           0        0        0   4534        0
 505.7   -114.6      0.00 0.000           0        0        0   4550        0
 503.0   -113.8      0.00 0.000           0        0        0   4565        0
 500.0   -113.0      0.00 0.000           0        0        0   4580        0
 497.3   -112.3      0.00 0.000           0        0        0   4595        0
 494.6   -111.8      0.00 0.000           0        0        0   4610        0
 491.6   -111.0      0.00 0.000           0        0        0   4626        0
 489.2   -110.6      0.00 0.000           0        0        0   4641        0
 486.5   -109.9      0.00 0.000           0        0        0   4656        0
 483.8   -109.1      0.00 0.000           0        0        0   4671        0
 481.1   -108.5      0.00 0.000           0        0        0   4686        0
 478.2   -107.7      0.00 0.000           0        0        0   4701        0
 475.2   -107.0      0.00 0.000           0        0        0   4716        0
 472.2   -106.5      0.00 0.000           0        0        0   4732        0
 469.5   -105.1      0.00 0.000           0        0        0   4747        0
 466.6   -105.0      0.00 0.000           0        0        0   4762        0
 463.6   -104.3      0.00 0.000           0        0        0   4777        0
 460.6   -103.7      0.00 0.000           0        0        0   4792        0
 457.4   -103.0      0.00 0.000           0        0        0   4807        0
 454.4   -102.1      0.00 0.000           0        0        0   4823        0
 451.1   -101.6      0.00 0.000           0        0        0   4838        0
 448.2   -101.2      0.00 0.000           0        0        0   4853        0
 445.2   -100.4      0.00 0.000           0        0        0   4868        0
 442.0    -99.8      0.00 0.000           0        0        0   4883        0
 438.8    -99.0      0.00 0.000           0        0        0   4898        0
 435.2    -98.5      0.00 0.000           0        0        0   4913        0
 431.7    -97.9      0.00 0.000           0        0        0   4928        0
 428.5    -96.9      0.00 0.000           0        0        0   4943        0
 425.3    -96.4      0.00 0.000           0        0        0   4958        0
 422.3    -95.9      0.00 0.000           0        0        0   4974        0
 419.4    -95.4      0.00 0.000           0        0        0   4989        0
 416.5    -94.6      0.00 0.000           0        0        0   5004        0
 413.3    -94.1      0.00 0.000           0        0        0   5019        0
 410.4    -93.6      0.00 0.000           0        0        0   5034        0
 407.2    -92.9      0.00 0.000           0        0        0   5049        0
 404.0    -92.5      0.00 0.000           0        0        0   5064        0
 400.8    -91.8      0.00 0.000           0        0        0   5080        0
 397.9    -91.4      0.00 0.000           0        0        0   5095        0
 395.0    -90.7      0.00 0.000           0        0        0   5110        0
 391.8    -90.2      0.00 0.000           0        0        0   5125        0
 388.9    -89.7      0.00 0.000           0        0        0   5140        0
 385.7    -89.4      0.00 0.000           0        0        0   5155        0
 382.5    -88.6      0.00 0.000           0        0        0   5170        0
 379.3    -88.0      0.00 0.000           0        0        0   5185        0
 376.2    -87.4      0.00 0.000           0        0        0   5200        0
 373.0    -86.9      0.00 0.000           0        0        0   5215        0
 370.1    -86.5      0.00 0.000           0        0        0   5230        0
 367.0    -85.9      0.00 0.000           0        0        0   5246        0
 363.8    -85.4      0.00 0.000           0        0        0   5261        0
 360.4    -84.8      0.00 0.000           0        0        0   5276        0
 356.9    -84.3      0.00 0.000           0        0        0   5291        0
 353.8    -83.6      0.00 0.000           0        0        0   5306        0
 350.4    -83.3      0.00 0.000           0        0        0   5321        0
 347.2    -82.7      0.00 0.000           0        0        0   5336        0
 344.4    -82.4      0.00 0.000           0        0        0   5351        0
 341.2    -81.7      0.00 0.000           0        0        0   5366        0
 338.4    -81.1      0.00 0.000           0        0        0   5381        0
 335.0    -80.5      0.00 0.000           0        0        0   5396        0
 331.9    -80.0      0.00 0.000           0        0        0   5412        0
 329.0    -79.5      0.00 0.000           0        0        0   5427        0
 325.9    -78.9      0.00 0.000           0        0        0   5442        0
 323.1    -78.2      0.00 0.000           0        0        0   5457        0
 320.2    -77.8      0.00 0.000           0        0        0   5472        0
 317.1    -77.2      0.00 0.000           0        0        0   5487        0
 314.3    -76.5      0.00 0.000           0        0        0   5502        0
 311.2    -75.9      0.00 0.000           0        0        0   5517        0
 308.1    -75.2      0.00 0.000           0        0        0   5532        0
 305.3    -74.5      0.00 0.000           0        0        0   5547        0
 302.2    -74.0      0.00 0.000           0        0        0   5562        0
 299.1    -73.1      0.00 0.000           0        0        0   5577        0
 296.0    -72.6      0.00 0.000           0        0        0   5592        0
 292.9    -71.9      0.00 0.000           0        0        0   5607        0
 290.1    -71.2      0.00 0.000           0        0        0   5622        0
 287.1    -70.3      0.00 0.000           0        0        0   5637        0
 284.0    -69.7      0.00 0.000           0        0        0   5652        0
 281.2    -69.0      0.00 0.000           0        0        0   5667        0
 278.1    -68.1      0.00 0.000           0        0        0   5682        0
 275.3    -67.3      0.00 0.000           0        0        0   5697        0
 272.5    -66.6      0.00 0.000           0        0        0   5712        0
 269.5    -65.9      0.00 0.000           0        0        0   5727        0
 266.7    -65.0      0.00 0.000           0        0        0   5742        0
 263.4    -63.5      0.00 0.000           0        0        0   5757        0
 260.9    -63.5      0.00 0.000           0        0        0   5772        0
 257.8    -59.7      0.00 0.000           0        0        0   5787        0
 255.3    -61.1      0.00 0.000           0        0        0   5802        0
 252.0    -60.5      0.00 0.000           0        0        0   5817        0
 249.5    -59.1      0.00 0.000           0        0        0   5832        0
 245.9    -57.3      0.00 0.000           0        0        0   5847        0
 243.2    -56.9      0.00 0.000           0        0        0   5862        0
 240.4    -56.2      0.00 0.000           0        0        0   5877        0
 237.4    -55.1      0.00 0.000           0        0        0   5892        0
 234.6    -53.7      0.00 0.000           0        0        0   5907        0
 231.9    -52.0      0.00 0.000           0        0        0   5921        0
 230.0    -50.1      0.00 0.000           0        0        0   5936        0
 225.8    -48.5      0.00 0.000           0        0        0   5951        0
 222.8    -47.8      0.00 0.000           0        0        0   5966        0
 220.4    -46.6      0.00 0.000           0        0        0   5981        0
 217.4    -45.2      0.00 0.000           0        0        0   5996        0
 214.3    -43.7      0.00 0.000           0        0        0   6011        0
 211.6    -42.3      0.00 0.000           0        0        0   6026        0
 208.9    -40.6      0.00 0.000           0        0        0   6041        0
 206.4    -38.9      0.00 0.000           0        0        0   6056        0
 203.4    -37.1      0.00 0.000           0        0        0   6071        0
 200.7    -35.3      0.00 0.000           0        0        0   6086        0
 198.5    -33.1      0.00 0.000           0        0        0   6100        0
 195.0    -31.8      0.00 0.000           0        0        0   6115        0
 192.0    -30.2      0.00 0.000           0        0        0   6130        0
 189.3    -28.4      0.00 0.000           0        0        0   6145        0
 186.3    -26.6      0.00 0.000           0        0        0   6160        0
 183.6    -24.0      0.00 0.000           0        0        0   6175        0
 180.6    -21.8      0.00 0.000           0        0        0   6190        0
 178.2    -19.5      0.00 0.000           0        0        0   6205        0
 176.0    -16.5      0.00 0.000           0        0        0   6219        0
 173.1    -13.7      0.00 0.000           0        0        0   6234        0
 170.4    -12.0      0.00 0.000           0        0        0   6249        0
 168.0     -8.9      0.00 0.000           0        0        0   6264        0
 164.5     -5.5      0.00 0.000           0        0        0   6279        0
 161.5     -2.7      0.00 0.000           0        0        0   6294        0
 159.1      2.1      0.00 0.000           0        0        0   6309        0
 156.7      5.8      0.00 0.000           0        0        0   6323        0
 153.7     10.2      0.00 0.000           0        0        0   6338        0
 151.0     16.1      0.00 0.000           0        0        0   6353        0
 148.4     21.3      0.00 0.000           0        0        0   6368        0
 145.9     29.0      0.00 0.000           0        0        0   6383        0
 143.0     35.2      0.00 0.000           0        0        0   6398        0
 139.8     44.5      0.00 0.000           0        0        0   6412        0
 137.4     54.0      0.00 0.000           0        0        0   6427        0
 135.3     66.7      0.00 0.000           0        0        0   6442        0
 132.6     79.2      0.00 0.000           0        0        0   6457        0
 130.5     95.7      0.00 0.000           0        0        0   6472        0
 127.3    113.8      0.00 0.000           0        0        0   6486        0
 125.9    135.2      0.00 0.000           0        0        0   6501        0
 123.3    155.5      0.00 0.000           0        0        0   6516        0
 120.6    177.9      0.00 0.000           0        0        0   6531        0
 118.2    200.7      0.00 0.000           0        0        0   6546        0
 116.4    222.7      0.00 0.000           0        0        0   6560        0
 112.9    246.6      0.00 0.000           0        0        0   6575        0
 110.0    271.7      0.00 0.000           0        0        0   6591        0
 107.4    297.0      0.00 0.000           0        0        0   6608        0
 104.8    312.4      0.00 0.000           0        0        0   6624        0
 102.4    330.4      0.00 0.000           0        0        0   6641        0
  99.7    346.3      0.00 0.000           0        0        0   6657        0
  97.4    360.9      0.00 0.000           0        0        0   6673        0
  95.0    366.2      0.00 0.000           0        0        0   6690        0
  92.6    373.6      0.00 0.000           0        0        0   6706        0
  90.5    377.3      0.00 0.000           0        0        0   6723        0
  87.9    381.7      0.00 0.000           0        0        0   6739        0
  85.5    377.4      0.00 0.000           0        0        0   6756        0
  83.2    374.2      0.00 0.000           0        0        0   6772        0
  80.8    369.2      0.00 0.000           0        0        0   6789        0
  78.7    369.1      0.00 0.000           0        0        0   6805        0
  76.1    359.8      0.00 0.000           0        0        0   6822        0
  74.0    355.4      0.00 0.000           0        0        0   6838        0
  71.9    350.4      0.00 0.000           0        0        0   6855        0
  69.6    345.7      0.00 0.000           0        0        0   6871        0
  67.5    339.7      0.00 0.000           0        0        0   6888        0
  65.9    330.7      0.00 0.000           0        0        0   6904        0
  64.1    324.8      0.00 0.000           0        0        0   6921        0
  62.5    322.7      0.00 0.000           0        0        0   6937        0
  60.9    315.5      0.00 0.000           0        0        0   6954        0
  58.9    307.8      0.00 0.000           0        0        0   6970        0
  56.5    301.5      0.00 0.000           0        0        0   6987        0
  54.4    294.5      0.00 0.000           0        0        0   7004        0
  51.8    286.4      0.00 0.000           0        0        0   7020        0
  50.5    274.9      0.00 0.000           0        0        0   7037        0
  49.0    265.8      0.00 0.000           0        0        0   7053        0
  45.9    261.4      0.00 0.000           0        0        0   7070        0
  44.8    257.8      0.00 0.000           0        0        0   7085        0
  43.3    252.9      0.00 0.000           0        0        0   7100        0
  41.7    249.7      0.00 0.000           0        0        0   7115        0
  40.7    245.3      0.00 0.000           0        0        0   7130        0
  39.6    242.2      0.00 0.000           0        0        0   7145        0
