TEMP	CSUSC
27.9	256.26
28.6	256.26
31.8	256.86
35	257.9086
38.6	258.5281
42.4	259.1
46	259.1
49.5	259.7
52.8	259.74
56	260.5621
59.3	260.7371
62.2	261.3253
64.8	261.54
67.7	261.971
70.3	262.2453
72.9	262.9794
75.2	262.9268
77.8	264.037
80.1	263.5894
82.7	264.7155
85.3	264.9696
88	265.76
90.3	266.36
92.6	266.9296
94.9	267.5113
97.5	268.1479
99.8	268.34
102.4	269.54
104.7	269.54
107.7	270.4764
110.3	270.8733
113	271.8038
115.6	272.1495
118.2	273.3105
120.6	273.3287
123.2	274.3087
125.9	274.52
128.5	275.92
131.2	276.14
134.1	277.12
136.5	277.108
139.1	277.6917
141.8	277.81
144.5	278.294
146.8	277.917
149.8	278.12
152.1	277.8689
154.8	277.7507
157.1	277.94
160.2	277.6686
162.8	277.4265
165.5	277.1503
168.2	276.6837
171.2	276.6874
174.3	276.5565
177.3	276.5918
180	276.8364
183	277
185.7	277.5489
188.8	278.3225
191.5	278.76
194.5	279.7337
197.5	280.5244
200.3	281.0529
203.3	281.6524
206.4	282.9085
209.1	283.3315
212.5	284.4683
215.6	284.6518
219	286.111
221.7	286.9322
225.1	288.7
227.8	289.7
231.3	293.7
234.7	303.4324
238.1	323.46
241.2	339.7814
244.7	349.9432
247.8	354.38
250.9	357.9633
254.3	358.6723
257.8	358.6137
260.5	358.7063
263.6	358.5716
266.7	358.6193
269.9	359.8252
272.6	361.06
276.5	364.0816
279.6	366.4943
283.1	370.1387
286.2	373.0963
289.3	376.9
292.8	382.0533
296	388.6229
299.8	400
303	413.5347
306.8	433.8
310.4	458.6625
313.9	490.9513
317	511.5634
320.9	475.9016
324.1	340.32
328	193.9539
330.8	120.12
334.3	70.35145
337.5	44.22001
341.1	30.22
344.6	22.75571
348.2	20.10426
351.4	19.15999
354.9	19.03716
357.8	19.04221
361	19.62001
363.9	19.2084
367.5	20.27499
370.7	20.08359
374.3	20.90149
377.5	20.71333
381.1	21.96001
384.3	21.7993
388.3	22.44563
391.9	22.68199
395.1	23.06
398.4	23.80881
402	23.82001
404.9	24.62001
408.2	24.98651
411.5	25.62645
414.7	26.23729
418	26.31
422	27.58499
426	27.38252
429.7	28.59598
433	29.07669
435.9	29.86624
439.2	30.02
442.5	30.99602
445.8	31.19542
449.1	31.98166
452.4	32.39999
455	32.92731
458.3	33.28923
460.9	34.07819
463.9	34.405
467.2	35.42
470.2	35.8
473.9	37.10001
477.6	37.54799
481.3	38.56667
484.7	38.93547
488.4	40.12151
491.4	40.64215
495.1	41.83268
498.9	42.62
502.6	43.97416
505.6	44.34917
509.4	46.56998
512.7	47.91334
516.5	49.5
519.9	51.32623
522.9	53.33607
525.6	55.3481
528.6	57.31581
532	59.89849
535.8	62.28416
539.2	66.43413
542.6	69.4442
546.4	74.21999
549.5	78.42
552.9	84.42
555.6	89.35412
559	97.0124
561.7	104.24
565.1	115.04
568.2	125.4431
571.7	136.3
575.1	148.72
578.2	161.2164
581.3	173.86
584.8	188.302
587.9	200.0318
591.3	194.4108
594.4	147.6976
597.5	78.86554
601	41.06227
604.1	23.92
607.2	15.76768
610.4	13.23764
612.7	11.47372
615.8	11.2
618.9	10.39999
622.1	11.02852
625.2	10.19814
628.3	10.38371
631.9	10.26874
634.6	10.5218
637.8	10.18744
641.3	10.45256
645.2	10.10353
648.8	10.34587
652	9.699997
655.5	10.15599
658.7	10.14
662.7	9.959991
666.2	9.783997
670.2	9.80307
674.2	9.818466
678.2	10
681.8	9.800003
685.4	9.600006
689	10
692.6	9.821426
696.2	10.23428
699.8	9.790253
703.1	10.08249
705.5	9.860001
707.5	10.26001
708.7	9.626663
709.9	10.06999
710.7	9.679993
711.5	9.87999
712	9.279999
712.4	10.3
712.8	9.710007
712.8	10
712.8	9.600006
712.8	10
712.8	9.400009
712.8	9.600006
712.4	9.200012
712.4	9.800003
712	9.400009
711.5	9.800003
710.7	9.630005
709.1	10.01248
707.9	9.789993
706.3	9.919998
704.3	9.73999
702.3	9.713318
699.8	9.779984
697.4	9.801819
695	9.950012
693	9.5
690.2	9.576004
687.4	9.166672
684.2	9.777496
681	9.694
677.4	9.827988
674.2	9.460007
671	10.09201
668.2	9.749985
665.4	9.848236
662.3	10.34
659.5	10.14
656.7	10.16499
653.5	10.24452
650.8	10.01112
647.6	10.89001
644.5	10.16823
641.3	10.34312
637.8	10.50914
634.6	10.23778
631.5	10.77429
628.3	10.44
625.2	10.86769
622.5	11.16
619.7	11.58197
616.6	13.65543
613.5	17.42001
610.7	27.50002
607.2	58.05486
603.7	126.6036
600.2	232.9159
597.1	289.0838
594	283.2318
590.6	267.814
587.9	257.14
584.8	249.1136
581.7	243.4358
579	239.3544
575.9	236.3112
572.8	233.84
569.7	232.0282
566.7	230.4241
563.6	229.6424
560.9	229.2583
557.9	229.1308
554.8	229.4293
551.4	229.72
548	231.52
544.1	233.1241
540.7	235.5294
536.9	237.7957
533.1	240.8638
529.7	243.4962
525.9	246.9747
522.5	249.3212
519.1	252.4106
515.8	254.5898
513.1	256.7502
510.1	258.88
507.1	260.0667
504.1	262.5158
500.7	264.48
497.4	265.92
494	267.4876
491	268.85
487.6	270.061
484.3	271.3448
481.3	271.6129
478	273.5836
474.6	273.5438
471.3	274.7294
467.9	275.08
464.6	276.332
461.7	277.02
458.7	278.22
455.4	279.02
452.1	279.02
448.7	279.82
445.8	279.82
442.5	280.3745
439.2	280.5555
435.5	281.0476
432.2	281.1038
428.9	281.298
425.7	281.4356
422.4	281.9876
419.1	281.68
414.7	282.1
410.4	281.451
406	281.81
402.4	281.651
398	282.42
394.4	282.22
390.8	282.6278
387.2	282.5876
383.6	283.1484
380.4	283.6135
376.8	285.34
372.8	286.94
369.6	289.7712
366.4	293.1456
363.2	296.7123
360.3	301.9034
357.1	307.7213
353.9	315.1877
350.7	323.9688
347.1	337.152
343.6	351.2263
340	367.48
336.8	383.28
333.6	409.2674
330.1	493.4844
325.1	493.5809
320.2	1068.274
313.5	993.28
310.4	944.2269
307.5	907.1851
304	868.1642
301.2	835.1021
297.7	798.1492
294.6	766.1947
291.1	735.16
288.3	711.12
285.2	691.1554
282	675.2257
278.9	662.1807
275.8	650.1242
272.6	640.02
269.9	631.02
266.4	624.0558
263.3	615.9546
259.8	609.9412
257.1	603.9106
254	598.9253
251.2	593.94
248.1	588.9551
245.3	584.98
242.3	580.9465
239.5	576.9767
236.1	573.0076
233.3	569.0696
229.9	566.07
227.2	561.9629
223.7	560.1
221	557.027
217.9	554.9268
215.2	550.84
211.8	549.8562
209.1	545.8416
206	544.8165
203.3	541.8132
200.3	540.9113
197.9	537.8645
194.8	536.8676
192.5	534.8925
189.4	532.956
186.7	530.8677
183.7	529.8184
181.3	527.9153
178.3	526.84
175.9	524.84
172.9	523.84
170.6	521.8296
167.5	521.8674
165.2	519.8535
162.2	518.8548
159.8	516.7265
157.1	516.7703
154.8	514.8508
152.1	514.82
149.5	512.82
146.8	513.8047
144.5	510.8154
141.8	511.86
139.5	509.8154
136.5	510.81
134.1	508.786
131.5	508.7242
129.2	507.78
126.5	507.765
124.2	506.7765
121.5	506.7908
119.2	505.8243
116.6	505.9
114.3	504.9
112	504.8856
109.7	503.8956
107.3	503.894
105.4	502.913
103.4	502.96
101.4	501.9767
99.5	501.9679
97.5	500.8869
95.5	500.9331
93.5	499.9758
91.6	499.9935
89.9	500.0244
88	499.0326
86.3	499
84.7	498.03
82.7	498.103
81.1	497.1148
79.1	497.1526
77.5	497.1434
75.5	497.1733
73.9	496.04
72.3	496.02
70.7	496.004
69	495.97
67.4	495
65.8	496
64.5	495
62.8	495.9775
61.5	495.1426
59.9	496.1163
58.6	496.1
56.4	497.04
54.4	497.04
