Temp (degree) 	Susc
24.7	405.8
25.2	406.9
27.7	406.7
31.9	408.8
36.5	411.9
41.5	412.4
46.6	415.1
51.1	407.1
55.5	412
59.4	416.5
62.8	416.6
65.9	418.3
69	418.4
72.2	418.5
75.3	418.3
78.4	420.1
81.6	420
84.7	421.2
88.2	421.4
91.3	422.1
94.2	422.8
97.4	422
100.5	423.8
103.2	424
105.8	424.6
108.5	424.6
111.4	425.2
114.5	425.3
117.7	426.9
120.6	426.8
123.8	426.4
126.7	427.6
129.9	428.5
132.9	428.7
135.5	429.8
138.2	431.1
141.1	433.1
143.8	434.3
146.7	435.2
149.7	436.9
153.2	439.1
156.4	441.9
159.9	441.6
163.4	443.4
166.9	445.5
170.1	448.6
173.3	451
176.6	453.4
179.6	456.4
182.5	458.2
185	460.1
187.9	463.3
190.7	466.6
193.4	468.3
195.8	470.4
198.8	472.2
202.1	474.4
204.8	477
208.1	478.1
211.3	480.7
214.9	482.4
218.7	484.5
222.3	486.8
225.8	491.8
229.1	499.8
232.4	513.7
235.7	531.2
238.8	550.2
242.1	561.3
244.8	565.3
247.9	567.5
250.6	567.3
253.4	565.1
255.9	561.8
258.9	558.3
262	554.2
265.6	546.8
268.9	540.9
271.7	534
274.5	526
277.6	521.2
280.9	514
284	506.5
287.1	500
289.9	493.6
292.7	487.9
296	480.3
299.4	473.8
302.5	466.7
305.6	461.6
308.7	456.1
311.5	450.8
314.3	446.5
316.8	441.7
320	438.3
323.4	433.5
326.8	430.3
330.2	423.9
333.6	418.8
336.4	412.1
339.2	406.7
342.7	400.2
346.1	392.5
349.5	383.4
352.6	373.7
355.8	362.8
358.9	345.8
362.1	328.3
365.3	306.4
368.7	279.9
371.9	251.4
374.4	225.9
377.3	199
379.9	173.7
382.2	150.9
384.5	131.8
387.1	115.7
390	100.9
393.2	87.3
396.4	75.4
399	64.8
401.9	55.6
404.8	47.7
407.7	40.5
410.4	34.5
412.7	29.1
415	25.2
417.4	21.1
419.4	18.4
422	15.8
424.7	13.7
427.6	11.8
430.5	10.1
433.2	8.7
435.8	7
438.2	5.8
440.8	4.9
443.2	4.1
446.1	3.4
448.8	3
451.7	2.5
454.7	2.1
458	2.1
460.9	1.9
463.6	1.7
466.6	1.9
469.5	1.9
472.5	2.2
475.2	2.4
477.6	2.6
480.2	3.3
483.2	3.7
486.5	4.7
490.1	5.2
493.4	6.3
496.7	7.2
499.7	8.5
502.7	9.2
505.7	10.9
509	12.1
512.4	13.7
515.7	15.1
518.7	16.8
521.4	17.9
523.9	19.3
526.9	20.6
529.6	22.1
532.7	23.1
535.7	24.5
538.7	25.2
541.5	25.5
544.2	25.4
547	24.3
549.7	23
552.5	20.3
555.2	16.4
558	10.2
561.1	0.7
564.1	-10.3
566.9	-24.7
570	-40.1
572.4	-56.2
575.5	-74.2
578.3	-93.4
581.4	-111.6
584.5	-127.3
587.3	-137.7
590.1	-144.7
593.2	-148.3
596	-150.2
599.1	-150.4
602.2	-150.8
605.3	-151
608.4	-151.5
611.3	-151.4
614.4	-151.6
617.2	-151.9
620	-152
623.5	-151.8
626.6	-151.7
630.1	-152.2
633.5	-152.6
637.3	-152.7
640.8	-152.8
644.3	-152.8
647.8	-152.5
651.2	-152.5
654.7	-152.7
657.6	-152.8
660.8	-152.6
664	-152.7
667.5	-152.7
671	-152.9
674.2	-152.8
677.7	-152.6
680.9	-152.8
684.1	-152.6
687.3	-152.5
690.5	-152.5
693.4	-152.6
696.7	-152.4
699.9	-152.3
702.5	-152.6
704.8	-152.6
706.4	-152.8
707.3	-152.5
708	-152.6
708.3	-152.5
708	-152.4
706.7	-152.4
705.1	-152.4
702.8	-152.5
700.5	-152.4
698.6	-152.5
696.4	-152.4
694.1	-152.3
691.5	-152.2
688.9	-152.3
686.4	-152.3
684.1	-152.3
682.2	-152.4
679.9	-152.2
678	-152.3
675.5	-152.3
672.6	-152.3
670	-152.1
667.5	-152.1
664.9	-152.1
662.7	-152.1
660.1	-152.2
657.6	-152.1
654.7	-152.1
652.2	-152.2
649.3	-151.9
646.8	-151.7
644.6	-152
642.1	-151.9
639.9	-151.9
637	-151.6
634.5	-151.8
632	-151.7
629.4	-152
627.2	-151.6
624.7	-151.7
622.5	-151.7
620.3	-151.7
617.5	-151.8
615	-151.6
612.5	-151.8
610	-151.8
607.2	-151.7
604.7	-151.5
602.2	-151.4
599.7	-151.5
597.2	-151.3
594.4	-151.3
591.9	-151.3
589.1	-151.2
586.4	-150.9
583.6	-150.6
580.5	-150.4
578	-150.1
575.2	-149.9
572.8	-149.4
570.6	-149.3
568.1	-149.1
565.7	-148.9
563.2	-148.6
560.5	-148.4
557.7	-148.4
554.6	-147.8
551.6	-147.8
548.8	-147.7
545.8	-147.8
543	-148.4
540.6	-147.3
537.8	-147.4
535.1	-147.4
531.7	-147.3
528.4	-147
524.8	-147
521.1	-147.1
517.8	-146.7
514.2	-147
511.2	-146.8
508.4	-146.6
505.4	-146.5
502.4	-146.5
499.4	-146.5
496.4	-146.4
493.1	-146.3
489.5	-146.1
486.2	-146.2
482.9	-146.4
480	-146.3
477.3	-145.9
474.9	-146
472.5	-146.1
470.1	-146.1
467.4	-145.8
464.8	-146
461.8	-145.9
458.8	-145.8
455.9	-145.8
452.9	-145.9
450.3	-144.7
447.6	-145.8
445.2	-145.6
443.5	-145.7
441.7	-145.4
439.6	-145.6
437.3	-145.5
434.6	-145.5
431.7	-145.4
428.8	-145.5
426.1	-145.4
423.2	-145.3
420.6	-145.3
418	-145.3
415.3	-145.1
412.7	-145.3
409.8	-145.3
406.9	-145.2
403.7	-145.1
400.5	-145
397.6	-145
394.4	-145.2
391.2	-144.9
388	-144.8
384.5	-144.9
381.4	-144.8
378.2	-144.7
375.6	-144.7
372.4	-144.7
369.6	-144.6
366.1	-144.5
362.7	-144.3
359.2	-144.3
356.1	-144.5
352.9	-144.5
350.1	-144.2
347.2	-144.2
344.7	-144.1
342.4	-144.1
340.1	-144.1
337.3	-143.9
334.4	-144
331.9	-143.8
329	-141.5
326.2	-105.3
323.4	-26.6
320.5	54.7
317.4	99.4
314.6	102.9
312.1	92.3
309.5	79.9
306.7	68.1
303.9	56.2
301.1	46
297.7	37
294.6	30.1
291.5	24.7
288.7	20
285.9	15.9
282.9	12.5
280.3	8.9
277.6	6.3
275	3.6
272.5	1.4
270	-0.8
267.3	-3.1
264.5	-5.4
261.7	-7.6
258.7	-9.7
255.6	-11.4
252.3	-13.6
249	-15.3
245.9	-16.9
242.9	-18.4
239.6	-19.7
236.6	-21.1
233.5	-22.4
230.8	-23.3
227.8	-24.6
225	-25.6
222	-26.5
219.3	-27.5
216.8	-28.4
214.1	-29.1
211.3	-30.1
208.9	-30.6
206.2	-31.3
203.7	-32.2
201.3	-32.8
198.5	-33.6
195.5	-34.4
192.6	-35.4
189.3	-36.2
186.3	-36.9
183.1	-37.4
180.4	-38.2
177.7	-38.6
175	-39.4
172.5	-39.8
169.8	-40.3
167.4	-40.7
165	-41.4
162.3	-41.7
159.9	-42.2
157.5	-42.7
154.8	-43.2
152.1	-43.6
149.4	-44.2
146.5	-44.7
143.8	-45.2
141.4	-45.5
138.7	-45.9
136.3	-46.4
133.9	-46.8
131.3	-47.1
128.9	-47.4
126.5	-47.9
123.8	-48.3
120.9	-48.8
118.2	-49.1
115.3	-49.6
112.4	-50.1
109.5	-50.4
106.6	-50.8
104.2	-51
101.8	-51.2
99.5	-51.5
97.4	-51.8
95.3	-51.9
93.2	-52.2
90.8	-52.4
88.9	-52.7
86.8	-52.9
84.7	-53.2
82.9	-53.2
81.1	-53.5
79	-53.7
77.1	-53.9
75.3	-54.1
73.2	-54.2
71.4	-54.5
69.6	-54.6
68	-54.8
66.2	-54.9
64.3	-55.1
62.8	-55.2
61.2	-55.4
59.4	-55.5
57.6	-55.6
55.5	-55.8
53.1	-56.1
50.5	-56.3
48.2	-56.5
45.9	-56.7
43.5	-56.8
41.7	-56.9
39.9	-57
