 0             20            1560          1724.3 
 21            20            1560          1724.3 
 36            22            1560          1724.3 
 52            24            1560          1724.3 
 67            26            1560          1724.3 
 83            29            1560          1724.3 
 98            32            1560          1724.175 
 114           35            1560          1724.3 
 129           37            1560          1724.367 
 145           40            1560          1724.133 
 160           42            1570          1734.333 
 176           45            1570          1734.3 
 191           47            1570          1734.3 
 206           49            1570          1734.3 
 222           52            1570          1734.4 
 237           53            1570          1734.433 
 253           55            1570          1734.4 
 268           57            1570          1734.4 
 284           59            1570          1734.5 
 300           61            1570          1734.5 
 315           63            1580          1744.5 
 330           65            1580          1744.5 
 346           67            1580          1744.5 
 361           69            1580          1744.5 
 377           71            1580          1744.5 
 392           72            1580          1744.5 
 408           74            1580          1744.5 
 423           76            1580          1744.5 
 439           78            1580          1744.5 
 454           80            1580          1744.5 
 470           82            1580          1744.5 
 485           84            1590          1754.5 
 501           86            1590          1754.5 
 516           87            1590          1754.5 
 532           90            1590          1754.5 
 547           92            1590          1754.5 
 563           94            1590          1754.5 
 578           96            1590          1754.5 
 594           98            1590          1754.5 
 609           100           1590          1754.5 
 625           102           1590          1754.5 
 640           104           1590          1754.5 
 656           106           1590          1754.5 
 671           109           1590          1754.5 
 687           111           1600          1764.5 
 702           113           1600          1764.5 
 718           115           1600          1764.5 
 734           117           1600          1764.5 
 749           119           1600          1764.5 
 764           122           1600          1764.5 
 780           124           1600          1764.5 
 795           126           1600          1764.5 
 811           129           1600          1764.5 
 826           131           1600          1764.5 
 842           133           1600          1764.5 
 857           136           1600          1764.5 
 873           138           1600          1764.5 
 888           141           1610          1774.5 
 904           143           1610          1774.6 
 919           145           1610          1774.6 
 935           148           1610          1774.6 
 950           150           1610          1774.6 
 966           152           1610          1774.6 
 981           155           1610          1774.767 
 997           158           1610          1774.7 
 1012          160           1620          1784.767 
 1028          162           1620          1784.7 
 1043          165           1620          1784.7 
 1059          168           1620          1784.7 
 1074          170           1620          1784.833 
 1090          172           1620          1784.7 
 1105          175           1620          1784.7 
 1121          177           1630          1794.7 
 1136          180           1630          1794.7 
 1152          183           1630          1794.567 
 1167          185           1630          1794.6 
 1183          187           1630          1794.6 
 1198          190           1630          1794.767 
 1214          192           1630          1794.85 
 1229          195           1640          1804.8 
 1245          198           1640          1804.8 
 1260          200           1640          1804.8 
 1276          203           1640          1804.8 
 1292          206           1640          1804.933 
 1307          208           1640          1804.9 
 1323          211           1650          1815 
 1338          214           1650          1815 
 1354          217           1650          1815 
 1369          220           1650          1814.9 
 1385          223           1650          1814.9 
 1400          225           1650          1814.8 
 1416          228           1650          1814.725 
 1431          231           1650          1814.8 
 1447          234           1650          1814.8 
 1462          237           1660          1825.133 
 1478          239           1660          1825 
 1493          242           1660          1825.133 
 1509          245           1660          1825.1 
 1524          248           1660          1825.1 
 1540          251           1660          1824.967 
 1555          254           1660          1825 
 1571          256           1660          1825 
 1586          259           1660          1825 
 1602          262           1660          1825 
 1617          265           1660          1825 
 1633          268           1660          1825 
 1648          271           1660          1825.1 
 1664          274           1660          1825.1 
 1679          277           1660          1825.1 
 1695          280           1660          1825.1 
 1710          283           1660          1825.1 
 1726          285           1660          1825.233 
 1741          288           1660          1825.075 
 1757          291           1660          1825.2 
 1772          294           1660          1825.3 
 1788          297           1660          1825.375 
 1803          300           1660          1825.467 
 1819          303           1660          1825.4 
 1834          306           1660          1825.55 
 1850          309           1660          1825.5 
 1865          312           1660          1825.5 
 1881          315           1660          1825.5 
 1896          318           1660          1825.5 
 1912          321           1660          1825.367 
 1928          324           1660          1825.4 
 1943          327           1660          1825.4 
 1959          330           1660          1825.4 
 1974          333           1660          1825.4 
 1989          336           1660          1825.533 
 2005          338           1660          1825.5 
 2021          341           1660          1825.5 
 2036          344           1660          1825.5 
 2052          346           1660          1825.5 
 2067          349           1660          1825.5 
 2083          352           1660          1825.5 
 2098          355           1650          1815.667 
 2114          357           1650          1815.6 
 2129          360           1650          1815.767 
 2145          363           1650          1815.867 
 2160          367           1650          1815.8 
 2176          369           1650          1815.733 
 2192          372           1650          1815.967 
 2207          375           1650          1816 
 2222          378           1650          1816 
 2238          381           1650          1816.1 
 2254          385           1650          1816.1 
 2269          388           1650          1816.367 
 2285          391           1650          1816.175 
 2300          394           1640          1806.5 
 2316          396           1640          1806.7 
 2332          399           1640          1806.333 
 2347          402           1640          1806.567 
 2362          404           1640          1806.1 
 2378          407           1640          1806.333 
 2394          410           1640          1806.167 
 2409          413           1640          1806.325 
 2425          416           1640          1806.3 
 2440          419           1640          1806.4 
 2456          421           1640          1806.467 
 2471          424           1640          1806.567 
 2487          427           1640          1806.5 
 2503          430           1640          1806.333 
 2518          433           1640          1806.4 
 2534          436           1640          1806.4 
 2550          438           1640          1806.4 
 2565          441           1640          1806.4 
 2581          444           1630          1796.567 
 2596          447           1630          1796.5 
 2612          450           1630          1796.5 
 2627          453           1630          1796.367 
 2643          456           1630          1796.667 
 2659          458           1630          1796.7 
 2674          461           1630          1796.8 
 2690          464           1630          1796.9 
 2705          467           1630          1797.1 
 2721          470           1630          1796.9 
 2737          473           1630          1797 
 2752          475           1630          1796.9 
 2768          478           1630          1796.825 
 2784          481           1630          1797 
 2799          483           1630          1797.05 
 2815          486           1630          1797.133 
 2830          489           1630          1796.967 
 2846          491           1620          1787.1 
 2861          494           1620          1787.1 
 2877          496           1620          1787.1 
 2893          498           1620          1786.967 
 2908          501           1620          1787 
 2924          503           1620          1787 
 2939          506           1620          1787 
 2955          509           1620          1787 
 2971          512           1620          1787 
 2986          515           1620          1787.1 
 3002          518           1620          1787.1 
 3018          521           1620          1787.1 
 3033          524           1620          1787.1 
 3049          527           1620          1787.233 
 3064          531           1610          1776.867 
 3080          534           1610          1777.167 
 3095          537           1610          1777.1 
 3111          540           1610          1777.267 
 3127          542           1610          1777.067 
 3142          545           1610          1777.367 
 3158          548           1610          1777.175 
 3173          551           1620          1787.3 
 3189          553           1620          1787.2 
 3204          556           1620          1787.4 
 3220          559           1620          1787.55 
 3236          562           1620          1787.4 
 3251          564           1630          1797.667 
 3267          567           1610          1777.6 
 3282          570           1400          1567.7 
 3298          573           770           937.575 
 3314          576           240           407.7 
 3329          579          -20            147.5667 
 3345          582          -110           57.73332 
 3361          585          -140           27.7 
 3376          587          -140           27.8 
 3392          590          -150           17.7 
 3407          593          -150           17.625 
 3423          596          -150           17.86667 
 3438          598          -150           17.675 
 3454          601          -150           17.7 
 3470          604          -150           17.60001 
 3485          607          -150           17.60001 
 3501          610          -150           17.5 
 3516          613          -160           7.600006 
 3532          615          -160           7.699997 
 3548          618          -160           7.800003 
 3563          621          -160           7.800003 
 3579          623          -160           7.800003 
 3595          626          -160           7.96666 
 3610          629          -160           7.733337 
 3626          632          -160           7.800003 
 3641          634          -160           7.666656 
 3657          636          -160           7.899994 
 3673          638          -160           8.033325 
 3688          640          -160           7.899994 
 3704          642          -160           8.100006 
 3720          645          -160           8.100006 
 3735          647          -160           8.100006 
 3751          649          -160           8.199997 
 3767          652          -160           8.100006 
 3782          655          -160           8.199997 
 3798          657          -160           8.266663 
 3814          660          -160           8.050003 
 3829          663          -160           8.25 
 3845          666          -160           8.199997 
 3860          669          -160           8.350006 
 3876          672          -160           8.149994 
 3892          675          -160           8.350006 
 3907          678          -160           8.149994 
 3923          681          -160           8.333344 
 3939          685          -160           8.133316 
 3954          688          -160           8.366684 
 3970          691          -160           8.149994 
 3986          694          -160           8.333344 
 4001          697          -160           8.300003 
 4017          700          -160           8.300003 
 4032          702          -160           8.300003 
 4048          703          -160           8.300003 
 4064          703          -160           8.199997 
 4080          703          -160           8.199997 
 4095          701          -160           8.199997 
 4111          699          -160           8.25 
 4127          698          -160           8.000015 
 4142          696          -160           8.299988 
 4158          694          -160           8.000015 
 4173          692          -160           8.350006 
 4189          690          -160           8.149994 
 4204          688          -160           8.350006 
 4220          686          -160           8.133331 
 4236          684          -160           8.400009 
 4252          682          -160           8.099991 
 4267          680          -160           8.400009 
 4283          678          -160           8.333344 
 4299          676          -160           8.149994 
 4315          674          -160           8.433334 
 4330          671          -160           8.100006 
 4346          669          -160           8.200012 
 4362          667          -160           8 
 4377          665          -160           8 
 4393          662          -160           8.033325 
 4409          660          -160           7.849991 
 4424          657          -160           8.03334 
 4440          655          -160           7.849991 
 4456          652          -160           8.03334 
 4472          650          -160           7.899994 
 4487          647          -160           7.96666 
 4503          645          -160           7.700012 
 4518          642          -160           8.099991 
 4534          640          -160           7.96666 
 4550          637          -160           8 
 4565          634          -160           7.600006 
 4581          632          -160           7.600006 
 4597          629          -160           7.299988 
 4612          626          -160           7.699997 
 4628          623          -160           7.100006 
 4643          620          -160           7.5 
 4659          618          -160           7.300003 
 4675          615          -160           7.833328 
 4690          612          -160           7.433334 
 4706          610          -160           7.800018 
 4721          607          -150           17.39999 
 4737          605          -150           17.59999 
 4752          603          -150           17.46666 
 4768          600          -150           17.16666 
 4783          598          -150           17.16667 
 4799          595          -150           17.43332 
 4815          593          -150           17.70001 
 4830          590          -150           17.62502 
 4846          588          -150           17.43333 
 4861          586          -140           27.70001 
 4877          583          -140           27.60001 
 4892          581          -110           57.53333 
 4908          578          -40            127.45 
 4923          576           190           357.2 
 4939          573           610           777.4667 
 4955          571           1310          1477.2 
 4970          568           1660          1827.6 
 4986          565           1700          1867.2 
 5001          562           1700          1867.3 
 5017          559           1690          1857.1 
 5033          556           1690          1857.5 
 5048          554           1690          1857.233 
 5064          551           1690          1856.667 
 5080          548           1690          1856.9 
 5095          546           1690          1856.6 
 5111          543           1690          1856.7 
 5126          540           1690          1856.2 
 5142          538           1690          1856.32 
 5157          535           1690          1856.9 
 5173          532           1690          1856.84 
 5188          530           1690          1856.5 
 5204          527           1690          1856.65 
 5219          524           1690          1856.96 
 5235          521           1690          1856.7 
 5251          518           1690          1857.1 
 5266          515           1690          1856.95 
 5282          512           1690          1856.7 
 5297          510           1700          1866.775 
 5313          507           1700          1866.6 
 5329          504           1700          1866.7 
 5344          502           1700          1866.633 
 5360          499           1700          1866.467 
 5375          496           1700          1866.6 
 5391          493           1700          1866.6 
 5406          490           1700          1866.6 
 5422          488           1700          1866.6 
 5438          485           1690          1856.6 
 5453          482           1700          1866.6 
 5469          478           1700          1866.5 
 5484          475           1690          1856.6 
 5500          472           1700          1866.4 
 5515          469           1690          1856.467 
 5531          466           1690          1856.3 
 5546          463           1680          1846.367 
 5562          460           1680          1846.133 
 5578          457           1700          1866.367 
 5593          454           1700          1866.133 
 5609          451           1690          1856.375 
 5624          448           1690          1856.1 
 5640          445           1690          1856.433 
 5655          443           1690          1856 
 5671          440           1690          1856.4 
 5686          437           1690          1856.25 
 5702          434           1690          1856.3 
 5717          431           1680          1845.8 
 5733          428           1680          1846.2 
 5749          425           1680          1846.05 
 5764          422           1680          1845.767 
 5780          419           1680          1845.95 
 5795          416           1680          1845.733 
 5811          413           1680          1845.98 
 5826          410           1680          1845.92 
 5842          407           1680          1845.767 
 5857          404           1680          1845.95 
 5873          402           1680          1845.8 
 5888          399           1670          1835.9 
 5904          396           1670          1835.825 
 5919          393           1670          1835.667 
 5935          390           1670          1835.85 
 5950          387           1670          1835.633 
 5966          384           1670          1835.875 
 5981          381           1670          1835.7 
 5997          378           1670          1835.8 
 6012          375           1670          1835.725 
 6028          372           1660          1825.567 
 6043          368           1660          1825.6 
 6059          365           1660          1825.6 
 6074          362           1660          1825.633 
 6090          359           1660          1825.5 
 6105          356           1660          1825.533 
 6121          353           1660          1825.4 
 6137          350           1660          1825.433 
 6152          347           1650          1815.267 
 6168          344           1650          1815.433 
 6183          341           1650          1815.3 
 6198          338           1650          1815.333 
 6214          335           1650          1815.167 
 6229          332           1650          1815.35 
 6245          329           1650          1815.067 
 6260          326           1650          1815.467 
 6276          323           1640          1805.3 
 6291          320           1640          1805.45 
 6307          317           1640          1805.1 
 6322          314           1640          1805.2 
 6338          311           1640          1804.9 
 6353          307           1640          1805.1 
 6369          304           1640          1805 
 6384          301           1640          1805.2 
 6400          298           1630          1795.3 
 6415          295           1630          1795.1 
 6431          292           1630          1795.1 
 6446          289           1630          1795 
 6462          286           1630          1795.3 
 6477          284           1630          1795.233 
 6493          281           1630          1795.067 
 6508          278           1630          1795.233 
 6524          275           1630          1795.133 
 6539          272           1630          1795.033 
 6555          269           1620          1784.9 
 6570          267           1620          1784.95 
 6586          264           1620          1784.8 
 6601          261           1620          1784.767 
 6617          258           1620          1784.933 
 6632          255           1620          1784.8 
 6647          252           1620          1784.833 
 6663          250           1620          1784.7 
 6679          247           1620          1784.833 
 6694          244           1610          1774.567 
 6710          242           1610          1774.5 
 6725          239           1610          1774.3 
 6740          237           1610          1774.2 
 6756          235           1610          1774.267 
 6771          232           1610          1774.3 
 6787          230           1610          1774.5 
 6802          228           1610          1774.9 
 6818          226           1610          1774.8 
 6833          224           1600          1764.867 
 6849          221           1600          1765.067 
 6864          219           1600          1764.8 
 6880          216           1600          1764.933 
 6895          214           1600          1764.5 
 6911          211           1600          1764.8 
 6926          209           1590          1754.6 
 6941          206           1590          1754.7 
 6957          204           1590          1754.633 
 6973          201           1590          1754.5 
 6988          199           1590          1754.5 
 7004          196           1590          1754.5 
 7019          194           1580          1744.45 
 7035          191           1580          1744.567 
 7050          189           1580          1744.65 
 7066          187           1580          1744.733 
 7081          184           1580          1744.967 
 7097          181           1580          1744.85 
 7112          179           1570          1734.7 
 7127          177           1570          1735 
 7143          174           1570          1734.4 
 7158          172           1570          1734.333 
 7174          169           1570          1734.45 
 7189          167           1570          1734.733 
 7205          165           1560          1724.2 
 7220          162           1560          1724.8 
 7236          160           1560          1724.4 
 7251          158           1560          1724.4 
 7267          155           1560          1724.2 
 7282          153           1560          1724.267 
 7298          150           1560          1724.3 
 7313          148           1560          1724.367 
 7329          146           1560          1724.55 
 7344          144           1560          1724.4 
 7360          141           1560          1724.45 
 7375          139           1560          1724.35 
 7391          137           1560          1724.2 
 7406          134           1560          1724.167 
 7422          132           1560          1724.3 
 7437          130           1560          1724.2 
 7453          128           1560          1724.4 
 7468          125           1560          1724.4 
 7484          123           1560          1724.4 
 7499          121           1560          1724.467 
 7514          119           1560          1724.4 
 7530          117           1560          1724.2 
 7545          115           1560          1724.2 
 7561          113           1560          1724.25 
 7576          111           1560          1724.033 
 7592          109           1560          1724.2 
 7607          107           1560          1724.1 
 7623          105           1560          1724.4 
 7638          103           1560          1724.1 
 7654          101           1560          1724.4 
 7669          99            1560          1724.2 
 7685          97            1560          1724.2 
 7700          95            1560          1724.1 
 7716          94            1560          1724.15 
 7731          92            1560          1724.35 
 7747          90            1560          1724.15 
 7762          88            1560          1724.25 
 7778          86            1560          1724.4 
 7793          85            1560          1724.4 
 7808          83            1560          1724.3 
 7824          81            1560          1724.6 
 7840          79            1560          1724.4 
 7855          77            1560          1724.4 
 7870          76            1560          1724.4 
 7886          74            1560          1724.5 
 7901          72            1560          1724.2 
 7917          71            1560          1724.5 
 7933          69            1560          1724.3 
 7948          67            1560          1724.4 
 7963          66            1560          1724.35 
 7979          64            1560          1724.3 
 7994          62            1560          1724.1 
 8010          61            1560          1724.1 
 8025          59            1560          1724 
 8042          57            1560          1724 
 8058          55            1560          1724 
 8073          52            1560          1724 
 8089          49            1560          1724 
