  TEMP    TSUSC     CSUSC NSUSC       BULKS    FERRT    FERRB   TIME         
  22.3   1661.0   1839.18 0.527         0.0      0.0      0.0      0      0.0
  27.0   1676.7   1854.88 0.532         0.0      0.0      0.0     28    0.000
  34.2   1695.5   1873.72 0.537         0.0      0.0      0.0     54    0.000
  41.8   1716.0   1894.28 0.543         0.0      0.0      0.0     81    0.000
  49.0   1736.8   1915.04 0.549         0.0      0.0      0.0    108        5
  56.0   1756.4   1934.52 0.555         0.0      0.0      0.0    134   0/1200
  62.6   1774.5   1952.51 0.560         0.0      0.0      0.0    161        0
  68.9   1792.1   1970.11 0.565         0.0      0.0      0.0    187        0
  74.8   1811.8   1989.98 0.570         0.0      0.0      0.0    214        0
  80.5   1833.1   2011.12 0.577         0.0      0.0      0.0    241     0.00
  86.3   1856.1   2034.12 0.583         0.0      0.0      0.0    269     0.00
  92.0   1879.0   2057.20 0.590         0.0      0.0      0.0    295     0.00
  97.2   1903.4   2081.54 0.597         0.0      0.0      0.0    322     0.00
 102.8   1931.7   2109.89 0.605         0.0      0.0      0.0    349     0.00
 108.2   1964.3   2142.48 0.614         0.0      0.0      0.0    377     0.00
 113.6   1995.0   2173.28 0.623         0.0      0.0      0.0    404     0.00
 118.2   2027.6   2205.99 0.632         0.0      0.0      0.0    431     0.00
 123.6   2064.5   2242.69 0.643         0.0      0.0      0.0    458     0.00
 128.9   2104.2   2282.14 0.654         0.0      0.0      0.0    485     0.00
 134.5   2150.2   2328.04 0.667         0.0      0.0      0.0    511         
 140.2   2204.8   2382.78 0.683         0.0      0.0      0.0    538         
 145.9   2263.3   2441.37 0.700         0.0      0.0      0.0    565         
 151.6   2313.4   2492.20 0.714         0.0      0.0      0.0    591  -12.196
 157.5   2361.7   2540.57 0.728         0.0      0.0      0.0    618  -89.984
 163.6   2404.8   2583.34 0.741         0.0      0.0      0.0    645      -43
 169.6   2446.7   2625.19 0.753         0.0      0.0      0.0    672    -1.00
 175.6   2489.5   2667.90 0.765         0.0      0.0      0.0    699       41
 181.7   2532.1   2710.13 0.777         0.0      0.0      0.0    726      325
 188.1   2575.1   2753.41 0.789         0.0      0.0      0.0    752        0
 194.6   2619.4   2797.52 0.802         0.0      0.0      0.0    779    0.000
 201.1   2663.7   2841.90 0.815         0.0      0.0      0.0    805    0.000
 207.5   2707.5   2885.81 0.827         0.0      0.0      0.0    832        0
 214.1   2752.4   2930.37 0.840         0.0      0.0      0.0    859     0.00
 220.8   2792.1   2970.25 0.852         0.0      0.0      0.0    885        0
 227.5   2833.5   3011.76 0.863         0.0      0.0      0.0    912        0
 233.9   2875.7   3054.01 0.876         0.0      0.0      0.0    939        0
 240.4   2917.1   3095.70 0.887         0.0      0.0      0.0    967        0
 246.9   2960.1   3138.77 0.900         0.0      0.0      0.0    994      0.0
 253.4   3000.1   3179.07 0.911         0.0      0.0      0.0   1021      0.0
 259.6   3037.8   3216.12 0.922         0.0      0.0      0.0   1049      0.0
 265.7   3072.9   3251.19 0.932         0.0      0.0      0.0   1076      0.0
 272.0   3113.6   3291.99 0.944         0.0      0.0      0.0   1104      0.0
 278.8   3150.8   3328.86 0.954         0.0      0.0      0.0   1131      0.0
 285.7   3185.9   3364.48 0.965         0.0      0.0      0.0   1159      0.0
 292.2   3218.8   3397.35 0.974         0.0      0.0      0.0   1186      0.0
 299.0   3248.6   3427.20 0.983         0.0      0.0      0.0   1213      0.0
 305.3   3269.6   3448.20 0.989         0.0      0.0      0.0   1240      0.0
 311.6   3288.4   3467.05 0.994         0.0      0.0      0.0   1268         
 317.8   3298.7   3477.61 0.997         0.0      0.0      0.0   1295         
 324.6   3307.7   3486.38 0.999         0.0      0.0      0.0   1322         
 330.9   3309.4   3488.18 1.000         0.0      0.0      0.0   1350         
 337.3   3302.9   3481.53 0.998         0.0      0.0      0.0   1377         
 344.1   3295.4   3474.06 0.996         0.0      0.0      0.0   1405         
 350.6   3279.4   3458.36 0.991         0.0      0.0      0.0   1432         
 356.8   3257.6   3436.50 0.985         0.0      0.0      0.0   1459         
 363.0   3227.9   3406.94 0.977         0.0      0.0      0.0   1487         
 369.0   3193.5   3372.52 0.967         0.0      0.0      0.0   1514         
 375.2   3151.3   3330.25 0.955         0.0      0.0      0.0   1542         
 381.4   3102.3   3281.10 0.941         0.0      0.0      0.0   1569         
 387.7   3048.6   3227.30 0.925         0.0      0.0      0.0   1596         
 393.9   2985.5   3164.12 0.907         0.0      0.0      0.0   1624         
 399.9   2923.3   3101.94 0.889         0.0      0.0      0.0   1651         
 406.0   2865.2   3043.87 0.873         0.0      0.0      0.0   1679         
 412.0   2808.6   2987.45 0.856         0.0      0.0      0.0   1706         
 418.4   2757.6   2936.26 0.842         0.0      0.0      0.0   1733         
 424.4   2707.4   2886.14 0.827         0.0      0.0      0.0   1760         
 430.2   2662.3   2840.99 0.814         0.0      0.0      0.0   1786         
 435.8   2622.0   2800.28 0.803         0.0      0.0      0.0   1813         
 442.3   2583.7   2761.97 0.792         0.0      0.0      0.0   1840         
 448.3   2549.3   2727.53 0.782         0.0      0.0      0.0   1866         
 453.8   2518.9   2697.26 0.773         0.0      0.0      0.0   1893         
 459.1   2490.0   2668.62 0.765         0.0      0.0      0.0   1920         
 464.6   2466.2   2644.66 0.758         0.0      0.0      0.0   1947         
 470.3   2441.3   2620.41 0.751         0.0      0.0      0.0   1973         
 476.1   2420.4   2599.61 0.745         0.0      0.0      0.0   2000         
 481.6   2399.7   2578.46 0.739         0.0      0.0      0.0   2027         
 487.6   2381.6   2561.05 0.734         0.0      0.0      0.0   2054         
 493.6   2364.5   2543.32 0.729         0.0      0.0      0.0   2080         
 500.0   2346.4   2525.42 0.724         0.0      0.0      0.0   2107         
 505.9   2331.3   2510.93 0.720         0.0      0.0      0.0   2134         
 511.3   2314.1   2493.37 0.715         0.0      0.0      0.0   2160         
 516.6   2300.4   2479.75 0.711         0.0      0.0      0.0   2187         
 522.3   2289.9   2469.01 0.708         0.0      0.0      0.0   2214         
 528.1   2273.4   2452.38 0.703         0.0      0.0      0.0   2240         
 534.5   2258.4   2437.43 0.699         0.0      0.0      0.0   2267         
 540.0   2233.4   2412.56 0.692         0.0      0.0      0.0   2294         
 546.2   2202.1   2381.38 0.683         0.0      0.0      0.0   2321         
 552.3   2156.1   2335.79 0.670         0.0      0.0      0.0   2347         
 558.3   2100.7   2280.04 0.654         0.0      0.0      0.0   2374         
 563.4   2023.8   2203.08 0.632         0.0      0.0      0.0   2401         
 568.8   1913.2   2092.68 0.600         0.0      0.0      0.0   2427         
 574.0   1753.0   1932.76 0.554         0.0      0.0      0.0   2454         
 578.9   1548.4   1728.12 0.495         0.0      0.0      0.0   2481         
 584.3   1365.7   1545.61 0.443         0.0      0.0      0.0   2507         
 590.2   1227.2   1407.20 0.403         0.0      0.0      0.0   2534         
 595.8   1097.6   1277.39 0.366         0.0      0.0      0.0   2561         
 602.0    966.2   1145.51 0.328         0.0      0.0      0.0   2588         
 608.0    835.7   1015.66 0.291         0.0      0.0      0.0   2614         
 614.7    737.8    917.66 0.263         0.0      0.0      0.0   2641         
 620.8    664.9    845.09 0.242         0.0      0.0      0.0   2668         
 626.3    613.9    794.53 0.228         0.0      0.0      0.0   2695         
 631.6    569.0    749.17 0.215         0.0      0.0      0.0   2721         
 637.0    530.5    710.07 0.204         0.0      0.0      0.0   2748         
 643.0    492.5    672.42 0.193         0.0      0.0      0.0   2775         
 649.0    456.3    636.15 0.182         0.0      0.0      0.0   2802         
 654.7    425.7    605.64 0.174         0.0      0.0      0.0   2828         
 659.8    396.7    577.15 0.165         0.0      0.0      0.0   2855         
 665.4    369.6    550.03 0.158         0.0      0.0      0.0   2882         
 670.7    345.6    526.14 0.151         0.0      0.0      0.0   2909         
 675.0    319.8    500.32 0.143         0.0      0.0      0.0   2936         
 678.8    296.7    477.24 0.137         0.0      0.0      0.0   2962         
 682.5    285.8    465.99 0.134         0.0      0.0      0.0   2989         
 687.0    264.9    445.26 0.128         0.0      0.0      0.0   3016         
 691.5    286.5    466.63 0.134         0.0      0.0      0.0   3043         
 696.0    275.4    455.58 0.131         0.0      0.0      0.0   3069         
 699.9    263.0    443.32 0.127         0.0      0.0      0.0   3096         
 703.5    254.7    435.02 0.125         0.0      0.0      0.0   3121         
 705.7    249.5    429.82 0.123         0.0      0.0      0.0   3147         
 706.0    253.7    434.02 0.124         0.0      0.0      0.0   3174         
 703.8    260.3    440.90 0.126         0.0      0.0      0.0   3199         
 701.5    268.7    449.30 0.129         0.0      0.0      0.0   3226         
 698.0    277.9    458.50 0.131         0.0      0.0      0.0   3253         
 693.8    289.4    470.10 0.135         0.0      0.0      0.0   3280         
 690.1    303.3    484.21 0.139         0.0      0.0      0.0   3306         
 685.2    316.6    497.30 0.143         0.0      0.0      0.0   3333         
 680.4    327.0    507.66 0.146         0.0      0.0      0.0   3360         
 675.9    341.7    522.19 0.150         0.0      0.0      0.0   3387         
 671.3    353.8    533.79 0.153         0.0      0.0      0.0   3413         
 667.2    366.9    547.07 0.157         0.0      0.0      0.0   3440         
 661.9    385.6    565.72 0.162         0.0      0.0      0.0   3467         
 656.5    402.2    582.42 0.167         0.0      0.0      0.0   3494         
 651.4    419.2    599.40 0.172         0.0      0.0      0.0   3521         
 647.0    437.1    617.32 0.177         0.0      0.0      0.0   3547         
 641.6    455.7    635.83 0.182         0.0      0.0      0.0   3574         
 636.5    481.0    661.59 0.190         0.0      0.0      0.0   3601         
 631.2    498.1    678.42 0.194         0.0      0.0      0.0   3627         
 626.3    521.3    701.37 0.201         0.0      0.0      0.0   3654         
 621.7    542.5    722.54 0.207         0.0      0.0      0.0   3681         
 616.9    562.6    742.57 0.213         0.0      0.0      0.0   3708         
 612.2    594.2    774.45 0.222         0.0      0.0      0.0   3735         
 606.7    628.5    808.51 0.232         0.0      0.0      0.0   3761         
 601.3    665.2    845.04 0.242         0.0      0.0      0.0   3788         
 596.0    710.1    889.77 0.255         0.0      0.0      0.0   3815         
 590.9    771.0    950.18 0.272         0.0      0.0      0.0   3842         
 586.0    853.9   1033.28 0.296         0.0      0.0      0.0   3868         
 580.9    988.3   1167.77 0.335         0.0      0.0      0.0   3895         
 575.8   1162.6   1342.13 0.385         0.0      0.0      0.0   3922         
 570.4   1324.8   1504.00 0.431         0.0      0.0      0.0   3949         
 565.2   1456.5   1635.37 0.469         0.0      0.0      0.0   3975         
 560.1   1546.5   1725.11 0.495         0.0      0.0      0.0   4002         
 554.5   1601.4   1779.40 0.510         0.0      0.0      0.0   4029         
 548.5   1647.8   1825.96 0.523         0.0      0.0      0.0   4056         
 542.4   1680.2   1858.35 0.533         0.0      0.0      0.0   4083         
 536.2   1705.8   1883.70 0.540         0.0      0.0      0.0   4109         
 529.8   1720.9   1898.72 0.544         0.0      0.0      0.0   4136         
 524.3   1729.4   1907.11 0.547         0.0      0.0      0.0   4163         
 519.0   1731.1   1908.82 0.547         0.0      0.0      0.0   4190         
 513.0   1729.7   1907.53 0.547         0.0      0.0      0.0   4217         
 507.1   1728.0   1905.77 0.546         0.0      0.0      0.0   4243         
 501.1   1726.9   1904.60 0.546         0.0      0.0      0.0   4270         
 495.1   1724.7   1902.27 0.545         0.0      0.0      0.0   4297         
 489.5   1720.9   1898.58 0.544         0.0      0.0      0.0   4323         
 484.3   1717.0   1894.44 0.543         0.0      0.0      0.0   4350         
 478.2   1713.5   1890.79 0.542         0.0      0.0      0.0   4377         
 472.4   1709.3   1886.63 0.541         0.0      0.0      0.0   4404         
 466.7   1703.4   1880.85 0.539         0.0      0.0      0.0   4431         
 461.4   1699.4   1876.76 0.538         0.0      0.0      0.0   4457         
 455.4   1696.3   1873.67 0.537         0.0      0.0      0.0   4484         
 449.7   1692.3   1869.57 0.536         0.0      0.0      0.0   4511         
 443.5   1687.4   1864.77 0.535         0.0      0.0      0.0   4538         
 437.3   1682.9   1860.51 0.533         0.0      0.0      0.0   4564         
 431.7   1679.8   1857.46 0.533         0.0      0.0      0.0   4591         
 425.6   1674.6   1852.18 0.531         0.0      0.0      0.0   4618         
 419.7   1671.3   1848.72 0.530         0.0      0.0      0.0   4645         
 413.7   1666.2   1843.53 0.529         0.0      0.0      0.0   4672         
 407.9   1663.6   1840.73 0.528         0.0      0.0      0.0   4699         
 401.8   1660.9   1838.03 0.527         0.0      0.0      0.0   4725         
 396.6   1656.2   1833.26 0.526         0.0      0.0      0.0   4752         
 390.6   1651.9   1829.06 0.524         0.0      0.0      0.0   4779         
 384.7   1648.0   1825.25 0.523         0.0      0.0      0.0   4805         
 378.9   1643.1   1820.11 0.522         0.0      0.0      0.0   4832         
 373.2   1640.5   1817.55 0.521         0.0      0.0      0.0   4859         
 367.4   1636.3   1813.47 0.520         0.0      0.0      0.0   4886         
 361.4   1632.0   1809.21 0.519         0.0      0.0      0.0   4912         
 355.5   1625.6   1803.05 0.517         0.0      0.0      0.0   4939         
 349.5   1623.2   1800.55 0.516         0.0      0.0      0.0   4966         
 343.2   1618.6   1795.96 0.515         0.0      0.0      0.0   4993         
 337.1   1615.8   1792.97 0.514         0.0      0.0      0.0   5019         
 331.0   1611.4   1788.47 0.513         0.0      0.0      0.0   5046         
 325.1   1606.7   1783.95 0.511         0.0      0.0      0.0   5073         
 318.8   1603.4   1780.67 0.510         0.0      0.0      0.0   5100         
 312.1   1599.5   1776.89 0.509         0.0      0.0      0.0   5127         
 305.2   1595.3   1772.62 0.508         0.0      0.0      0.0   5153         
 298.8   1591.1   1768.42 0.507         0.0      0.0      0.0   5180         
 292.7   1587.0   1764.23 0.506         0.0      0.0      0.0   5207         
 286.9   1582.8   1759.89 0.505         0.0      0.0      0.0   5233         
 281.3   1578.1   1755.19 0.503         0.0      0.0      0.0   5260         
 275.5   1575.5   1752.73 0.502         0.0      0.0      0.0   5287         
 269.5   1571.4   1748.66 0.501         0.0      0.0      0.0   5314         
 263.4   1567.1   1744.52 0.500         0.0      0.0      0.0   5340         
 257.5   1564.1   1741.45 0.499         0.0      0.0      0.0   5368         
 251.5   1559.0   1736.26 0.498         0.0      0.0      0.0   5394         
 245.1   1555.0   1732.37 0.497         0.0      0.0      0.0   5421         
 238.5   1551.1   1728.20 0.495         0.0      0.0      0.0   5448         
 232.2   1547.8   1724.83 0.494         0.0      0.0      0.0   5474         
 225.8   1543.7   1720.79 0.493         0.0      0.0      0.0   5501         
 219.8   1540.4   1717.40 0.492         0.0      0.0      0.0   5528         
 213.8   1536.6   1713.71 0.491         0.0      0.0      0.0   5554         
 207.5   1532.6   1709.62 0.490         0.0      0.0      0.0   5581         
 201.5   1529.4   1706.62 0.489         0.0      0.0      0.0   5608         
 195.5   1525.6   1702.66 0.488         0.0      0.0      0.0   5635         
 189.8   1522.5   1699.40 0.487         0.0      0.0      0.0   5662         
 183.9   1519.5   1696.55 0.486         0.0      0.0      0.0   5688         
 177.7   1516.1   1693.12 0.485         0.0      0.0      0.0   5715         
 171.9   1513.8   1690.97 0.485         0.0      0.0      0.0   5742         
 166.6   1510.9   1688.12 0.484         0.0      0.0      0.0   5769         
 161.1   1508.9   1686.19 0.483         0.0      0.0      0.0   5795         
 155.5   1506.5   1683.70 0.483         0.0      0.0      0.0   5822         
 150.1   1504.9   1681.94 0.482         0.0      0.0      0.0   5849         
 144.7   1504.0   1681.09 0.482         0.0      0.0      0.0   5876         
 139.0   1501.8   1678.91 0.481         0.0      0.0      0.0   5902         
 133.9   1501.7   1679.00 0.481         0.0      0.0      0.0   5929         
 128.2   1498.6   1675.78 0.480         0.0      0.0      0.0   5956         
 122.8   1497.9   1675.20 0.480         0.0      0.0      0.0   5982         
 117.3   1496.7   1673.96 0.480         0.0      0.0      0.0   6009         
 112.0   1494.6   1671.79 0.479         0.0      0.0      0.0   6036         
 106.9   1494.2   1671.50 0.479         0.0      0.0      0.0   6063         
 102.0   1492.7   1669.89 0.479         0.0      0.0      0.0   6089         
  97.4   1491.1   1668.29 0.478         0.0      0.0      0.0   6116         
  93.0   1491.0   1668.13 0.478         0.0      0.0      0.0   6142         
  88.3   1489.0   1666.31 0.478         0.0      0.0      0.0   6169         
  83.4   1488.2   1665.48 0.477         0.0      0.0      0.0   6196         
  79.0   1488.2   1665.54 0.477         0.0      0.0      0.0   6223         
  74.5   1486.7   1663.99 0.477         0.0      0.0      0.0   6250         
  70.2   1487.0   1664.34 0.477         0.0      0.0      0.0   6276         
  66.4   1485.5   1662.82 0.477         0.0      0.0      0.0   6303         
  62.6   1485.8   1663.12 0.477         0.0      0.0      0.0   6330         
  58.7   1484.9   1662.18 0.477         0.0      0.0      0.0   6356         
  55.3   1484.7   1661.93 0.476         0.0      0.0      0.0   6383         
  52.0   1485.3   1662.57 0.477         0.0      0.0      0.0   6410         
  48.7   1484.9   1662.06 0.476         0.0      0.0      0.0   6436         
  45.6   1484.4   1661.53 0.476         0.0      0.0      0.0   6463         
  43.0   1484.2   1661.36 0.476         0.0      0.0      0.0   6490         
  40.4   1484.2   1661.36 0.476         0.0      0.0      0.0   6512         
