TEMP	TSUSC	CSUSC	NSUSC	BULKS	FERRT	FERRB	TIME	EMPFUR
26.6	-168.5	9.42	0.004	0	0	0	0	0
30.7	-168.8	9.12	0.004	0	0	0	26	0
37.6	-168.9	9.02	0.004	0	0	0	52	0
44.8	-169.1	8.82	0.004	0	0	0	78	0
51.6	-169.4	8.52	0.003	0	0	0	104	5
58.2	-169.4	8.55	0.003	0	0	0	129	0/1200
64.9	-169.8	8.19	0.003	0	0	0	155	0
70.9	-169.9	8.1	0.003	0	0	0	180	0
76.7	-170.1	7.94	0.003	0	0	0	206	0
82.6	-170.2	7.84	0.003	0	0	0	232	0
88.3	-170.2	7.89	0.003	0	0	0	257	0
94.1	-170.5	7.6	0.003	0	0	0	283	0
99.5	-170.5	7.67	0.003	0	0	0	308	0
105.5	-170.8	7.44	0.003	0	0	0	334	0
111.6	-170.8	7.45	0.003	0	0	0	360	0
117.9	-171	7.25	0.003	0	0	0	385	0
123.8	-171.2	7.09	0.003	0	0	0	411	0
129.7	-171.3	7.01	0.003	0	0	0	436	0
135.1	-171.2	7.11	0.003	0	0	0	462	0
140.5	-171.2	7.08	0.003	0	0	0	488	
145.9	-171.5	6.8	0.003	0	0	0	514	
151.4	-171.8	6.5	0.003	0	0	0	539	
156.5	-171.7	6.61	0.003	0	0	0	565	22995.39
162	-171.9	6.42	0.003	0	0	0	590	25771.94
168.1	-172	6.41	0.003	0	0	0	616	18752
174.2	-172	6.4	0.003	0	0	0	642	1
180.1	-172.2	6.24	0.003	0	0	0	667	49
186.2	-172.2	6.34	0.003	0	0	0	693	524
192	-172.4	6.14	0.002	0	0	0	719	0
198	-172.4	6.15	0.003	0	0	0	744	0
204.2	-172.5	6.03	0.002	0	0	0	770	0
210.5	-172.5	6.05	0.002	0	0	0	795	0
216.8	-172.4	6.2	0.003	0	0	0	821	0
222.8	-172.7	5.89	0.002	0	0	0	847	0
229.3	-172.8	5.79	0.002	0	0	0	872	0
234.9	-172.8	5.78	0.002	0	0	0	898	0
241	-172.7	5.9	0.002	0	0	0	923	0
246.8	-171.9	6.72	0.003	0	0	0	949	0
252.4	-171.6	7.07	0.003	0	0	0	975	0
258	-170.9	7.82	0.003	0	0	0	1000	0
263.6	-170.4	8.31	0.003	0	0	0	1026	0
269.5	-170.1	8.63	0.004	0	0	0	1052	0
275.6	-169.8	8.93	0.004	0	0	0	1077	0
281.7	-169.3	9.46	0.004	0	0	0	1103	0
287.9	-168.8	9.98	0.004	0	0	0	1129	0
293.6	-167.9	10.88	0.004	0	0	0	1154	0
299.4	-167	11.8	0.005	0	0	0	1180	0
305.3	-166	12.8	0.005	0	0	0	1205	
311.5	-165	13.84	0.006	0	0	0	1231	
318	-163.7	15.13	0.006	0	0	0	1257	
324.2	-161.9	16.94	0.007	0	0	0	1282	
330.4	-159.5	19.37	0.008	0	0	0	1308	
336.4	-156.2	22.66	0.009	0	0	0	1334	
342.2	-152.7	26.22	0.011	0	0	0	1360	
347.8	-149	29.93	0.012	0	0	0	1385	
353.7	-145.3	33.65	0.014	0	0	0	1411	
359.4	-141.3	37.7	0.015	0	0	0	1436	
365.4	-137	42	0.017	0	0	0	1462	
371.1	-132.6	46.46	0.019	0	0	0	1488	
376.9	-128.1	50.97	0.021	0	0	0	1513	
383.2	-123	56.08	0.023	0	0	0	1539	
389	-117.9	61.25	0.025	0	0	0	1565	
395.1	-112.7	66.46	0.027	0	0	0	1591	
400.3	-107.6	71.61	0.029	0	0	0	1616	
406.3	-101.8	77.43	0.032	0	0	0	1642	
412.4	-96.2	82.99	0.034	0	0	0	1668	
418.1	-90.9	88.34	0.036	0	0	0	1694	
424.1	-85.7	93.54	0.038	0	0	0	1720	
430.1	-80.4	98.91	0.04	0	0	0	1745	
435.4	-75.5	103.8	0.042	0	0	0	1771	
440.8	-71.1	108.21	0.044	0	0	0	1797	
446.9	-66.7	112.61	0.046	0	0	0	1823	
452.8	-62.2	117.14	0.048	0	0	0	1849	
458.1	-58.2	121.23	0.049	0	0	0	1874	
463.4	-54.2	125.19	0.051	0	0	0	1900	
469.4	-49.9	129.52	0.053	0	0	0	1926	
475	-45.5	133.94	0.055	0	0	0	1952	
480.7	-41.2	138.23	0.056	0	0	0	1977	
486.1	-36.3	143.23	0.058	0	0	0	2003	
491.5	-30.8	148.75	0.061	0	0	0	2029	
497.3	-24.5	155.11	0.063	0	0	0	2054	
502.9	-17.6	162.05	0.066	0	0	0	2080	
508.3	-10.5	169.14	0.069	0	0	0	2106	
514.3	-2.5	177.21	0.072	0	0	0	2132	
519.5	6.4	186.13	0.076	0	0	0	2157	
524.8	17.8	197.55	0.08	0	0	0	2183	
529.8	34.8	214.57	0.087	0	0	0	2209	
534.8	62.1	241.9	0.098	0	0	0	2234	
539.8	98.9	278.69	0.113	0	0	0	2260	
545.3	141.5	321.3	0.131	0	0	0	2286	
550.5	180.2	360.04	0.147	0	0	0	2311	
556	198.6	378.46	0.154	0	0	0	2337	
561.7	156.7	336.61	0.137	0	0	0	2363	
567.8	34.1	213.98	0.087	0	0	0	2388	
573.8	-105.1	74.84	0.03	0	0	0	2414	
580.2	-162.1	17.96	0.007	0	0	0	2440	
586.2	-173.3	6.82	0.003	0	0	0	2465	
591.9	-175.1	5.04	0.002	0	0	0	2491	
598.3	-175.8	4.34	0.002	0	0	0	2517	
604.2	-175.7	4.47	0.002	0	0	0	2543	
609.8	-176.1	4.12	0.002	0	0	0	2568	
615.5	-176.2	4.1	0.002	0	0	0	2594	
621.1	-176.6	3.71	0.002	0	0	0	2620	
626.3	-176.9	3.44	0.001	0	0	0	2646	
631.2	-176.8	3.45	0.001	0	0	0	2671	
636.4	-177.2	3.09	0.001	0	0	0	2697	
641.3	-176.9	3.43	0.001	0	0	0	2722	
647	-176.9	3.43	0.001	0	0	0	2748	
652.4	-176.9	3.47	0.001	0	0	0	2774	
658.2	-176.9	3.52	0.001	0	0	0	2799	
664	-177.3	3.21	0.001	0	0	0	2825	
669.9	-177.3	3.23	0.001	0	0	0	2850	
675.6	-177.6	2.91	0.001	0	0	0	2876	
681.2	-177.3	3.34	0.001	0	0	0	2902	
686.2	-177.7	2.93	0.001	0	0	0	2928	
691.7	-177.6	3.13	0.001	0	0	0	2953	
697.2	-177.7	3.13	0.001	0	0	0	2979	
701.7	-177.7	3.17	0.001	0	0	0	3005	
703.8	-177.7	3.15	0.001	0	0	0	3031	
704.3	-177.5	3.35	0.001	0	0	0	3056	
702.8	-177.4	3.39	0.001	0	0	0	3082	
700.1	-177.4	3.42	0.001	0	0	0	3107	
696.4	-177.1	3.7	0.002	0	0	0	3133	
693	-177.3	3.46	0.001	0	0	0	3159	
689.1	-177.1	3.55	0.001	0	0	0	3185	
685.6	-176.6	3.99	0.002	0	0	0	3211	
681.9	-176.6	3.97	0.002	0	0	0	3236	
677.7	-176.4	4.1	0.002	0	0	0	3262	
673.4	-176.2	4.28	0.002	0	0	0	3288	
668.3	-175.9	4.5	0.002	0	0	0	3313	
663.6	-175.9	4.47	0.002	0	0	0	3339	
659.2	-175.8	4.51	0.002	0	0	0	3365	
654.7	-175.2	5.05	0.002	0	0	0	3391	
650.5	-174.8	5.4	0.002	0	0	0	3416	
646.5	-174.5	5.69	0.002	0	0	0	3442	
641.4	-174.3	5.84	0.002	0	0	0	3468	
636.5	-173.8	6.32	0.003	0	0	0	3494	
631.5	-173.6	6.48	0.003	0	0	0	3519	
626.9	-173.5	6.56	0.003	0	0	0	3545	
622.7	-173.1	6.94	0.003	0	0	0	3571	
617.7	-172.5	7.53	0.003	0	0	0	3597	
613	-172.4	7.62	0.003	0	0	0	3622	
608.3	-171.7	8.28	0.003	0	0	0	3648	
603.8	-171.3	8.65	0.004	0	0	0	3674	
599.2	-170.6	9.31	0.004	0	0	0	3699	
594.1	-169.6	10.25	0.004	0	0	0	3725	
588.5	-168.5	11.35	0.005	0	0	0	3751	
582.8	-166.2	13.56	0.006	0	0	0	3776	
577.7	-161.5	18.25	0.007	0	0	0	3802	
572.8	-146.8	32.85	0.013	0	0	0	3828	
568	-76.9	102.69	0.042	0	0	0	3853	
562.4	212.1	391.64	0.159	0	0	0	3879	
556.6	992.5	1171.95	0.477	0	0	0	3905	
550.2	1778.6	1958	0.797	0	0	0	3931	
544.2	2170.4	2349.78	0.957	0	0	0	3958	
538.7	2276.6	2455.95	1	0	0	0	3985	
533.3	2263.6	2442.89	0.995	0	0	0	4011	
527.5	2249.6	2428.86	0.989	0	0	0	4038	
521.6	2236.6	2415.87	0.984	0	0	0	4065	
516	2224.2	2403.5	0.979	0	0	0	4092	
510.4	2213.5	2392.77	0.974	0	0	0	4118	
505	2203.3	2382.56	0.97	0	0	0	4145	
499.1	2190.4	2369.64	0.965	0	0	0	4171	
492.8	2179.3	2358.53	0.96	0	0	0	4198	
486.7	2167.6	2346.8	0.956	0	0	0	4225	
480.8	2157.7	2336.88	0.952	0	0	0	4252	
474.9	2147.6	2326.79	0.947	0	0	0	4278	
469.4	2139.4	2318.57	0.944	0	0	0	4305	
463.4	2129.8	2308.95	0.94	0	0	0	4332	
457.5	2120.3	2299.42	0.936	0	0	0	4358	
451.1	2111.2	2290.32	0.933	0	0	0	4385	
445	2102.6	2281.67	0.929	0	0	0	4411	
438.6	2093.5	2272.59	0.925	0	0	0	4438	
432.2	2084.4	2263.48	0.922	0	0	0	4465	
426	2076.8	2255.83	0.919	0	0	0	4492	
420.7	2070	2248.99	0.916	0	0	0	4518	
415.6	2063	2241.98	0.913	0	0	0	4545	
409.9	2057.3	2236.27	0.911	0	0	0	4572	
404.5	2050.3	2229.22	0.908	0	0	0	4598	
398.4	2043.5	2222.44	0.905	0	0	0	4625	
392.5	2036.9	2215.87	0.902	0	0	0	4652	
386.7	2029.3	2208.22	0.899	0	0	0	4678	
380.8	2022.8	2201.77	0.897	0	0	0	4705	
374.5	2016	2194.93	0.894	0	0	0	4732	
368.3	2009.9	2188.9	0.891	0	0	0	4759	
362.1	2002.8	2181.8	0.888	0	0	0	4786	
355.9	1996.7	2175.69	0.886	0	0	0	4812	
350.4	1991.4	2170.37	0.884	0	0	0	4840	
344.4	1985.8	2164.72	0.881	0	0	0	4866	
338.5	1979.7	2158.64	0.879	0	0	0	4893	
333.1	1974.7	2153.64	0.877	0	0	0	4920	
327.2	1969.2	2148.1	0.875	0	0	0	4947	
321.1	1963.3	2142.18	0.872	0	0	0	4974	
315.2	1957	2135.81	0.87	0	0	0	5000	
309.1	1952.7	2131.52	0.868	0	0	0	5027	
303.3	1946.9	2125.7	0.866	0	0	0	5054	
297.6	1942.1	2120.93	0.864	0	0	0	5081	
292.2	1938.1	2116.92	0.862	0	0	0	5108	
286.4	1932.7	2111.49	0.86	0	0	0	5134	
280.3	1928.5	2107.28	0.858	0	0	0	5161	
274.5	1924	2102.76	0.856	0	0	0	5188	
268.4	1919.6	2098.3	0.854	0	0	0	5214	
262.1	1913.8	2092.46	0.852	0	0	0	5241	
255.7	1909.7	2088.39	0.85	0	0	0	5268	
249.5	1905	2083.65	0.848	0	0	0	5294	
243.4	1901.5	2080.15	0.847	0	0	0	5321	
237.2	1898	2076.58	0.846	0	0	0	5348	
231.3	1893.3	2071.9	0.844	0	0	0	5375	
225.2	1890.6	2069.11	0.842	0	0	0	5401	
219.1	1886.9	2065.47	0.841	0	0	0	5428	
213.1	1882.7	2061.29	0.839	0	0	0	5455	
207	1879.3	2057.86	0.838	0	0	0	5481	
200.7	1875.1	2053.62	0.836	0	0	0	5508	
194.5	1872.9	2051.4	0.835	0	0	0	5534	
188.2	1869.3	2047.8	0.834	0	0	0	5561	
182.4	1866.1	2044.59	0.833	0	0	0	5588	
177.3	1863.8	2042.29	0.832	0	0	0	5614	
171.9	1861.4	2039.89	0.831	0	0	0	5641	
166.6	1858.9	2037.39	0.83	0	0	0	5668	
161	1856.9	2035.36	0.829	0	0	0	5695	
155.3	1853.2	2031.61	0.827	0	0	0	5722	
149.4	1851.4	2029.78	0.826	0	0	0	5748	
143.4	1848.7	2027.06	0.825	0	0	0	5775	
137.7	1845.9	2024.27	0.824	0	0	0	5802	
131.8	1843.6	2021.91	0.823	0	0	0	5828	
126.5	1839.9	2018.2	0.822	0	0	0	5855	
120.9	1837.5	2015.75	0.821	0	0	0	5882	
115.6	1834.2	2012.41	0.819	0	0	0	5909	
110.7	1831.5	2009.72	0.818	0	0	0	5936	
105.7	1829.4	2007.59	0.817	0	0	0	5962	
100.9	1828.2	2006.46	0.817	0	0	0	5989	
96.2	1827.7	2005.94	0.817	0	0	0	6015	
91.4	1826.3	2004.51	0.816	0	0	0	6042	
86.7	1825.6	2003.85	0.816	0	0	0	6069	
82.1	1824.6	2002.87	0.816	0	0	0	6095	
78.1	1823.9	2002.13	0.815	0	0	0	6122	
73.7	1821.1	1999.29	0.814	0	0	0	6149	
69.8	1820.9	1999.16	0.814	0	0	0	6176	
65.8	1820.5	1998.78	0.814	0	0	0	6202	
62	1818.9	1997.17	0.813	0	0	0	6229	
58.2	1818.4	1996.67	0.813	0	0	0	6256	
54.8	1817.8	1996.07	0.813	0	0	0	6282	
51.3	1815.8	1994.07	0.812	0	0	0	6309	
48.2	1816	1994.27	0.812	0	0	0	6336	
