  TEMP    TSUSC     CSUSC NSUSC       BULKS    FERRT    FERRB   TIME   jrpnew
  30.1   -163.4     10.18 0.098         0.0      0.0      0.0      0      0.0
  31.6   -163.3     10.28 0.099         0.0      0.0      0.0     24    0.000
  37.3   -163.5     10.08 0.097         0.0      0.0      0.0     47    0.000
  44.6   -163.3     10.28 0.099         0.0      0.0      0.0     70    0.000
  51.8   -164.1      9.48 0.091         0.0      0.0      0.0     93        5
  58.6   -163.7      9.88 0.095         0.0      0.0      0.0    115   0/1200
  64.9   -164.0      9.58 0.092         0.0      0.0      0.0    138        0
  71.1   -164.0      9.56 0.092         0.0      0.0      0.0    161        0
  76.4   -164.2      9.39 0.090         0.0      0.0      0.0    183        0
  81.9   -164.2      9.40 0.090         0.0      0.0      0.0    206     0.00
  87.1   -164.0      9.59 0.092         0.0      0.0      0.0    229     0.00
  91.8   -165.2      8.42 0.081         0.0      0.0      0.0    252     0.00
  96.8   -163.9      9.72 0.093         0.0      0.0      0.0    275     0.00
 101.8   -164.5      9.10 0.087         0.0      0.0      0.0    297     0.00
 106.9   -164.8      8.82 0.085         0.0      0.0      0.0    320     0.00
 111.4   -164.2      9.44 0.090         0.0      0.0      0.0    343     0.00
 116.4   -164.5      9.12 0.087         0.0      0.0      0.0    366     0.00
 121.2   -165.2      8.54 0.082         0.0      0.0      0.0    388     0.00
 125.9   -165.0      8.71 0.083         0.0      0.0      0.0    411     0.00
 131.3   -165.4      8.33 0.080         0.0      0.0      0.0    434         
 136.1   -165.3      8.45 0.081         0.0      0.0      0.0    457         
 140.6   -165.3      8.37 0.080         0.0      0.0      0.0    480         
 145.7   -165.2      8.55 0.082         0.0      0.0      0.0    503   85.558
 150.8   -165.2      8.55 0.082         0.0      0.0      0.0    526 -788.395
 155.6   -165.8      8.03 0.077         0.0      0.0      0.0    548      -33
 161.0   -165.8      8.06 0.077         0.0      0.0      0.0    571    -0.24
 166.3   -165.6      8.19 0.079         0.0      0.0      0.0    594       40
 171.5   -165.3      8.53 0.082         0.0      0.0      0.0    617      410
 176.9   -165.8      8.02 0.077         0.0      0.0      0.0    639        0
 182.0   -166.0      7.95 0.076         0.0      0.0      0.0    662    0.000
 187.7   -165.9      8.10 0.078         0.0      0.0      0.0    684    0.000
 192.6   -166.0      8.04 0.077         0.0      0.0      0.0    707        0
 198.0   -166.1      7.93 0.076         0.0      0.0      0.0    730     0.00
 203.2   -166.1      7.98 0.076         0.0      0.0      0.0    753        0
 208.6   -166.1      8.03 0.077         0.0      0.0      0.0    776        0
 214.3   -166.1      8.08 0.077         0.0      0.0      0.0    798        0
 220.4   -166.2      8.00 0.077         0.0      0.0      0.0    821        0
 225.8   -166.3      7.91 0.076         0.0      0.0      0.0    844      0.0
 231.9   -166.3      7.91 0.076         0.0      0.0      0.0    867      0.0
 237.7   -167.0      7.22 0.069         0.0      0.0      0.0    890      0.0
 243.7   -167.1      7.10 0.068         0.0      0.0      0.0    913      0.0
 249.5   -165.7      8.50 0.081         0.0      0.0      0.0    935      0.0
 254.8   -166.5      7.65 0.073         0.0      0.0      0.0    958      0.0
 260.3   -165.9      8.18 0.078         0.0      0.0      0.0    981      0.0
 265.6   -166.5      7.66 0.073         0.0      0.0      0.0   1003      0.0
 271.2   -166.5      7.60 0.073         0.0      0.0      0.0   1026      0.0
 276.7   -166.5      7.62 0.073         0.0      0.0      0.0   1049      0.0
 282.0   -166.7      7.44 0.071         0.0      0.0      0.0   1072         
 286.8   -166.8      7.36 0.071         0.0      0.0      0.0   1094         
 291.8   -166.1      8.11 0.078         0.0      0.0      0.0   1117         
 297.1   -166.1      8.17 0.078         0.0      0.0      0.0   1140         
 302.5   -165.9      8.44 0.081         0.0      0.0      0.0   1163         
 308.1   -164.7      9.67 0.093         0.0      0.0      0.0   1186         
 313.5   -163.3     11.11 0.106         0.0      0.0      0.0   1208         
 319.1   -160.9     13.54 0.130         0.0      0.0      0.0   1231         
 324.5   -157.8     16.70 0.160         0.0      0.0      0.0   1254         
 330.2   -152.9     21.59 0.207         0.0      0.0      0.0   1277         
 335.8   -149.0     25.49 0.244         0.0      0.0      0.0   1300         
 341.2   -143.0     31.47 0.302         0.0      0.0      0.0   1323         
 346.4   -137.3     37.16 0.356         0.0      0.0      0.0   1346         
 351.8   -129.9     44.61 0.428         0.0      0.0      0.0   1368         
 356.9   -122.0     52.45 0.503         0.0      0.0      0.0   1392         
 362.7   -113.5     60.93 0.584         0.0      0.0      0.0   1415         
 368.1   -103.8     70.66 0.677         0.0      0.0      0.0   1438         
 373.9    -96.9     77.57 0.744         0.0      0.0      0.0   1460         
 379.3    -88.4     86.12 0.825         0.0      0.0      0.0   1483         
 384.3    -83.8     90.70 0.869         0.0      0.0      0.0   1506         
 389.2    -77.6     96.92 0.929         0.0      0.0      0.0   1529         
 394.1    -75.4     99.13 0.950         0.0      0.0      0.0   1551         
 399.3    -72.1    102.44 0.982         0.0      0.0      0.0   1574         
 404.8    -70.2    104.33 1.000         0.0      0.0      0.0   1597         
 410.1    -70.3    104.31 1.000         0.0      0.0      0.0   1620         
 415.9    -71.8    102.78 0.985         0.0      0.0      0.0   1643         
 421.5    -75.8     98.81 0.947         0.0      0.0      0.0   1666         
 427.3    -83.4     91.28 0.875         0.0      0.0      0.0   1689         
 432.6    -95.6     79.12 0.758         0.0      0.0      0.0   1712         
 437.6   -110.2     64.58 0.619         0.0      0.0      0.0   1735         
 443.2   -122.5     52.23 0.501         0.0      0.0      0.0   1758         
 447.9   -133.5     41.33 0.396         0.0      0.0      0.0   1781         
 452.3   -142.4     32.43 0.311         0.0      0.0      0.0   1804         
 457.7   -148.8     26.02 0.249         0.0      0.0      0.0   1826         
 463.0   -153.7     21.14 0.203         0.0      0.0      0.0   1849         
 468.3   -156.9     17.93 0.172         0.0      0.0      0.0   1872         
 473.1   -158.9     15.95 0.153         0.0      0.0      0.0   1895         
 477.9   -160.4     14.42 0.138         0.0      0.0      0.0   1917         
 482.9   -160.9     13.99 0.134         0.0      0.0      0.0   1940         
 488.0   -161.7     13.17 0.126         0.0      0.0      0.0   1963         
 493.1   -162.0     12.94 0.124         0.0      0.0      0.0   1986         
 498.8   -162.2     12.77 0.122         0.0      0.0      0.0   2009         
 504.2   -162.2     12.79 0.123         0.0      0.0      0.0   2031         
 509.6   -162.8     12.19 0.117         0.0      0.0      0.0   2054         
 514.8   -162.4     12.62 0.121         0.0      0.0      0.0   2077         
 520.5   -162.8     12.25 0.117         0.0      0.0      0.0   2100         
 525.1   -162.6     12.49 0.120         0.0      0.0      0.0   2122         
 530.5   -162.8     12.28 0.118         0.0      0.0      0.0   2145         
 536.0   -162.7     12.45 0.119         0.0      0.0      0.0   2168         
 541.5   -163.5     11.69 0.112         0.0      0.0      0.0   2190         
 547.0   -163.2     11.98 0.115         0.0      0.0      0.0   2213         
 551.9   -164.1     11.17 0.107         0.0      0.0      0.0   2236         
 557.1   -164.1     11.22 0.108         0.0      0.0      0.0   2259         
 562.0   -164.1     11.26 0.108         0.0      0.0      0.0   2282         
 566.9   -165.1     10.20 0.098         0.0      0.0      0.0   2305         
 571.8   -165.0     10.40 0.100         0.0      0.0      0.0   2328         
 576.5   -165.3     10.14 0.097         0.0      0.0      0.0   2351         
 581.4   -165.9      9.59 0.092         0.0      0.0      0.0   2374         
 586.7   -166.4      9.06 0.087         0.0      0.0      0.0   2397         
 591.9   -166.8      8.66 0.083         0.0      0.0      0.0   2419         
 596.9   -166.6      8.92 0.085         0.0      0.0      0.0   2442         
 601.9   -167.6      7.97 0.076         0.0      0.0      0.0   2466         
 606.3   -167.0      8.62 0.083         0.0      0.0      0.0   2488         
 610.9   -167.7      7.93 0.076         0.0      0.0      0.0   2511         
 615.3   -167.5      8.19 0.079         0.0      0.0      0.0   2534         
 620.0   -167.6      8.13 0.078         0.0      0.0      0.0   2557         
 625.0   -167.8      7.94 0.076         0.0      0.0      0.0   2580         
 630.4   -167.7      8.14 0.078         0.0      0.0      0.0   2603         
 636.7   -168.1      7.86 0.075         0.0      0.0      0.0   2626         
 642.4   -168.3      7.65 0.073         0.0      0.0      0.0   2648         
 647.4   -168.5      7.48 0.072         0.0      0.0      0.0   2671         
 651.6   -168.2      7.80 0.075         0.0      0.0      0.0   2694         
 656.0   -168.5      7.52 0.072         0.0      0.0      0.0   2717         
 661.4   -168.7      7.40 0.071         0.0      0.0      0.0   2740         
 666.8   -168.8      7.21 0.069         0.0      0.0      0.0   2763         
 672.6   -169.8      6.30 0.060         0.0      0.0      0.0   2787         
 678.3   -168.8      7.29 0.070         0.0      0.0      0.0   2810         
 684.4   -168.7      7.41 0.071         0.0      0.0      0.0   2833         
 689.9   -170.1      6.02 0.058         0.0      0.0      0.0   2856         
 695.7   -169.4      6.74 0.065         0.0      0.0      0.0   2879         
 698.9   -169.2      6.96 0.067         0.0      0.0      0.0   2902         
 702.5   -169.3      6.89 0.066         0.0      0.0      0.0   2924         
 704.8   -169.9      6.29 0.060         0.0      0.0      0.0   2948         
 705.7   -169.3      6.89 0.066         0.0      0.0      0.0   2971         
 706.7   -169.1      7.09 0.068         0.0      0.0      0.0   2994         
 707.3   -169.3      6.89 0.066         0.0      0.0      0.0   3017         
 705.7   -169.4      6.79 0.065         0.0      0.0      0.0   3039         
 703.8   -169.3      6.89 0.066         0.0      0.0      0.0   3062         
 701.2   -169.9      6.29 0.060         0.0      0.0      0.0   3086         
 698.9   -169.1      7.10 0.068         0.0      0.0      0.0   3109         
 695.1   -168.9      7.30 0.070         0.0      0.0      0.0   3132         
 691.8   -169.1      7.07 0.068         0.0      0.0      0.0   3155         
 687.7   -168.9      7.19 0.069         0.0      0.0      0.0   3178         
 683.5   -168.7      7.39 0.071         0.0      0.0      0.0   3200         
 679.0   -168.9      7.16 0.069         0.0      0.0      0.0   3223         
 673.9   -168.4      7.58 0.073         0.0      0.0      0.0   3246         
 669.4   -168.2      7.76 0.074         0.0      0.0      0.0   3269         
 664.6   -168.5      7.36 0.071         0.0      0.0      0.0   3292         
 660.5   -168.4      7.47 0.072         0.0      0.0      0.0   3314         
 656.0   -168.2      7.63 0.073         0.0      0.0      0.0   3337         
 651.6   -168.0      7.81 0.075         0.0      0.0      0.0   3360         
 647.4   -167.9      7.85 0.075         0.0      0.0      0.0   3383         
 642.7   -167.7      7.97 0.076         0.0      0.0      0.0   3406         
 638.6   -167.8      7.88 0.076         0.0      0.0      0.0   3429         
 633.9   -167.2      8.42 0.081         0.0      0.0      0.0   3452         
 628.8   -167.1      8.50 0.082         0.0      0.0      0.0   3475         
 624.4   -166.9      8.67 0.083         0.0      0.0      0.0   3498         
 619.7   -166.7      8.86 0.085         0.0      0.0      0.0   3520         
 614.7   -166.8      8.66 0.083         0.0      0.0      0.0   3543         
 609.7   -166.7      8.70 0.083         0.0      0.0      0.0   3566         
 605.0   -166.1      9.32 0.089         0.0      0.0      0.0   3590         
 600.3   -165.5      9.79 0.094         0.0      0.0      0.0   3612         
 595.4   -165.2     10.08 0.097         0.0      0.0      0.0   3635         
 590.7   -164.6     10.62 0.102         0.0      0.0      0.0   3658         
 585.7   -164.2     10.99 0.105         0.0      0.0      0.0   3681         
 580.8   -163.5     11.69 0.112         0.0      0.0      0.0   3704         
 575.8   -163.2     11.95 0.115         0.0      0.0      0.0   3727         
 570.6   -162.5     12.56 0.120         0.0      0.0      0.0   3749         
 565.4   -161.9     13.23 0.127         0.0      0.0      0.0   3772         
 560.1   -161.5     13.52 0.130         0.0      0.0      0.0   3795         
 555.2   -160.8     14.19 0.136         0.0      0.0      0.0   3818         
 550.3   -160.8     14.19 0.136         0.0      0.0      0.0   3841         
 545.8   -160.0     14.92 0.143         0.0      0.0      0.0   3863         
 540.3   -159.5     15.36 0.147         0.0      0.0      0.0   3886         
 536.0   -159.4     15.47 0.148         0.0      0.0      0.0   3909         
 531.1   -158.8     16.02 0.154         0.0      0.0      0.0   3932         
 526.6   -158.6     16.22 0.155         0.0      0.0      0.0   3955         
 521.7   -158.1     16.66 0.160         0.0      0.0      0.0   3978         
 516.6   -157.8     16.93 0.162         0.0      0.0      0.0   4001         
 511.8   -157.3     17.37 0.167         0.0      0.0      0.0   4024         
 506.6   -156.7     17.99 0.172         0.0      0.0      0.0   4047         
 501.2   -156.5     18.14 0.174         0.0      0.0      0.0   4069         
 495.8   -156.4     18.21 0.175         0.0      0.0      0.0   4092         
 490.1   -155.4     19.23 0.184         0.0      0.0      0.0   4115         
 484.7   -155.3     19.31 0.185         0.0      0.0      0.0   4138         
 479.7   -154.9     19.70 0.189         0.0      0.0      0.0   4161         
 474.9   -154.1     20.42 0.196         0.0      0.0      0.0   4183         
 469.8   -154.1     20.43 0.196         0.0      0.0      0.0   4206         
 464.8   -153.7     20.87 0.200         0.0      0.0      0.0   4229         
 459.4   -153.3     21.19 0.203         0.0      0.0      0.0   4252         
 453.8   -152.9     21.60 0.207         0.0      0.0      0.0   4275         
 448.2   -152.6     21.91 0.210         0.0      0.0      0.0   4298         
 442.3   -151.9     22.59 0.217         0.0      0.0      0.0   4321         
 437.0   -152.3     22.22 0.213         0.0      0.0      0.0   4344         
 432.0   -151.4     23.19 0.222         0.0      0.0      0.0   4367         
 427.0   -150.5     24.08 0.231         0.0      0.0      0.0   4390         
 422.0   -151.4     23.19 0.222         0.0      0.0      0.0   4412         
 416.5   -150.2     24.38 0.234         0.0      0.0      0.0   4435         
 411.5   -150.3     24.20 0.232         0.0      0.0      0.0   4458         
 406.6   -150.2     24.38 0.234         0.0      0.0      0.0   4481         
 401.3   -149.6     24.90 0.239         0.0      0.0      0.0   4504         
 396.1   -150.2     24.29 0.233         0.0      0.0      0.0   4527         
 390.3   -149.5     24.96 0.239         0.0      0.0      0.0   4550         
 385.1   -149.0     25.43 0.244         0.0      0.0      0.0   4573         
 380.2   -148.6     25.81 0.247         0.0      0.0      0.0   4595         
 375.0   -148.9     25.50 0.244         0.0      0.0      0.0   4618         
 369.8   -149.0     25.37 0.243         0.0      0.0      0.0   4642         
 365.0   -148.4     25.96 0.249         0.0      0.0      0.0   4664         
 360.1   -148.9     25.42 0.244         0.0      0.0      0.0   4687         
 354.4   -148.6     25.73 0.247         0.0      0.0      0.0   4710         
 349.2   -148.8     25.49 0.244         0.0      0.0      0.0   4733         
 344.4   -148.8     25.47 0.244         0.0      0.0      0.0   4756         
 339.5   -149.0     25.22 0.242         0.0      0.0      0.0   4779         
 334.7   -149.2     25.07 0.240         0.0      0.0      0.0   4801         
 329.0   -150.4     23.89 0.229         0.0      0.0      0.0   4824         
 323.6   -152.2     22.10 0.212         0.0      0.0      0.0   4847         
 318.0   -152.8     21.51 0.206         0.0      0.0      0.0   4870         
 312.1   -152.7     21.65 0.208         0.0      0.0      0.0   4893         
 306.7   -153.1     21.20 0.203         0.0      0.0      0.0   4916         
 301.1   -153.0     21.28 0.204         0.0      0.0      0.0   4939         
 295.7   -153.2     21.07 0.202         0.0      0.0      0.0   4962         
 290.7   -153.6     20.75 0.199         0.0      0.0      0.0   4984         
 285.4   -153.5     20.82 0.200         0.0      0.0      0.0   5007         
 280.6   -153.6     20.73 0.199         0.0      0.0      0.0   5030         
 275.6   -153.5     20.72 0.199         0.0      0.0      0.0   5053         
 270.6   -153.6     20.61 0.198         0.0      0.0      0.0   5076         
 265.3   -153.9     20.27 0.194         0.0      0.0      0.0   5098         
 260.0   -154.2     19.95 0.191         0.0      0.0      0.0   5121         
 254.8   -154.2     19.86 0.190         0.0      0.0      0.0   5144         
 249.5   -154.4     19.68 0.189         0.0      0.0      0.0   5166         
 244.0   -154.3     19.72 0.189         0.0      0.0      0.0   5189         
 238.8   -154.2     19.80 0.190         0.0      0.0      0.0   5212         
 233.3   -154.5     19.54 0.187         0.0      0.0      0.0   5235         
 228.0   -154.7     19.34 0.185         0.0      0.0      0.0   5258         
 222.3   -154.5     19.51 0.187         0.0      0.0      0.0   5280         
 216.5   -154.8     19.22 0.184         0.0      0.0      0.0   5303         
 210.8   -154.7     19.30 0.185         0.0      0.0      0.0   5326         
 205.3   -155.0     19.01 0.182         0.0      0.0      0.0   5349         
 199.9   -155.0     18.97 0.182         0.0      0.0      0.0   5371         
 195.0   -154.7     19.28 0.185         0.0      0.0      0.0   5394         
 189.8   -155.0     18.92 0.181         0.0      0.0      0.0   5417         
 185.0   -155.3     18.57 0.178         0.0      0.0      0.0   5440         
 180.4   -155.0     18.87 0.181         0.0      0.0      0.0   5462         
 175.8   -155.4     18.48 0.177         0.0      0.0      0.0   5485         
 171.5   -155.1     18.76 0.180         0.0      0.0      0.0   5508         
 167.1   -155.2     18.64 0.179         0.0      0.0      0.0   5531         
 162.6   -154.9     18.88 0.181         0.0      0.0      0.0   5554         
 157.7   -155.0     18.82 0.180         0.0      0.0      0.0   5577         
 152.9   -155.0     18.82 0.180         0.0      0.0      0.0   5600         
 147.6   -155.4     18.43 0.177         0.0      0.0      0.0   5623         
 142.7   -155.5     18.28 0.175         0.0      0.0      0.0   5646         
 137.7   -154.6     19.17 0.184         0.0      0.0      0.0   5668         
 132.6   -155.6     18.11 0.174         0.0      0.0      0.0   5691         
 127.5   -155.3     18.39 0.176         0.0      0.0      0.0   5714         
 122.8   -155.6     18.07 0.173         0.0      0.0      0.0   5736         
 118.0   -155.9     17.75 0.170         0.0      0.0      0.0   5759         
 113.7   -155.6     18.05 0.173         0.0      0.0      0.0   5782         
 109.5   -155.5     18.11 0.174         0.0      0.0      0.0   5805         
 105.5   -155.5     18.10 0.173         0.0      0.0      0.0   5827         
 101.6   -155.6     17.97 0.172         0.0      0.0      0.0   5850         
  97.4   -155.5     18.13 0.174         0.0      0.0      0.0   5873         
  93.4   -155.5     18.13 0.174         0.0      0.0      0.0   5896         
  89.5   -155.4     18.28 0.175         0.0      0.0      0.0   5919         
  86.1   -155.6     18.06 0.173         0.0      0.0      0.0   5942         
  82.1   -155.9     17.80 0.171         0.0      0.0      0.0   5964         
  78.4   -155.5     18.18 0.174         0.0      0.0      0.0   5988         
  74.8   -155.6     18.14 0.174         0.0      0.0      0.0   6010         
  71.6   -155.7     18.08 0.173         0.0      0.0      0.0   6033         
  68.2   -155.4     18.43 0.177         0.0      0.0      0.0   6056         
  64.9   -155.6     18.23 0.175         0.0      0.0      0.0   6079         
  61.7   -155.7     18.12 0.174         0.0      0.0      0.0   6101         
  58.9   -155.9     17.91 0.172         0.0      0.0      0.0   6124         
  56.0   -155.6     18.20 0.174         0.0      0.0      0.0   6147         
  53.1   -155.7     18.13 0.174         0.0      0.0      0.0   6170         
  50.5   -155.7     18.05 0.173         0.0      0.0      0.0   6193         
  48.5   -155.8     17.98 0.172         0.0      0.0      0.0   6216         
  46.1   -155.7     18.08 0.173         0.0      0.0      0.0   6238         
  44.0   -155.8     17.98 0.172         0.0      0.0      0.0   6261         
  42.0   -155.6     18.18 0.174         0.0      0.0      0.0   6284         
  40.4   -154.6     19.18 0.184         0.0      0.0      0.0   6307         
  39.1   -155.7     18.08 0.173         0.0      0.0      0.0   6330         
