  TEMP    TSUSC     CSUSC	 NSUSC       BULKS    FERRT    FERRB   TIME  jrpsept
  24.7   -173.2      2.70	 0.020         0.0      0.0      0.0      0      0.0
  26.7   -176.1     -0.20	-0.001         0.0      0.0      0.0     24    0.000
  32.7   -177.2     -1.26	-0.009         0.0      0.0      0.0     47    0.000
  40.2   -175.9      0.06	 0.000         0.0      0.0      0.0     70    0.000
  47.4   -176.1     -0.08	-0.001         0.0      0.0      0.0     93        5
  54.2   -176.1     -0.18	-0.001         0.0      0.0      0.0    115   0/1200
  59.1   -176.0      0.01	 0.000         0.0      0.0      0.0    138        0
  65.4   -176.1     -0.05	 0.000         0.0      0.0      0.0    161        0
  71.1   -176.3     -0.28	-0.002         0.0      0.0      0.0    184        0
  76.9   -176.3     -0.25	-0.002         0.0      0.0      0.0    206     0.00
  82.1   -176.2     -0.03	 0.000         0.0      0.0      0.0    230     0.00
  87.4   -176.3     -0.21	-0.002         0.0      0.0      0.0    252     0.00
  92.1   -176.2     -0.10	-0.001         0.0      0.0      0.0    275     0.00
  97.4   -176.2     -0.05	 0.000         0.0      0.0      0.0    298     0.00
 102.4   -176.2     -0.03	 0.000         0.0      0.0      0.0    320     0.00
 107.4   -176.1      0.06	 0.000         0.0      0.0      0.0    343     0.00
 112.4   -176.2      0.04	 0.000         0.0      0.0      0.0    366     0.00
 117.7   -176.3     -0.10	-0.001         0.0      0.0      0.0    389     0.00
 122.8   -176.2      0.02	 0.000         0.0      0.0      0.0    411     0.00
 128.3   -176.3     -0.03	 0.000         0.0      0.0      0.0    434         
 133.4   -176.2      0.11	 0.001         0.0      0.0      0.0    456         
 138.5   -176.2      0.15	 0.001         0.0      0.0      0.0    479         
 143.3   -176.2      0.19	 0.001         0.0      0.0      0.0    50231691.650
 148.6   -176.4      0.11	 0.001         0.0      0.0      0.0    52555732.960
 153.4   -176.2      0.23	 0.002         0.0      0.0      0.0    547     1168
 158.0   -176.3      0.14	 0.001         0.0      0.0      0.0    570    -0.04
 162.8   -176.6     -0.16	-0.001         0.0      0.0      0.0    593       51
 168.0   -176.3      0.07	 0.001         0.0      0.0      0.0    616      482
 173.1   -176.4     -0.12	-0.001         0.0      0.0      0.0    638        0
 178.7   -176.3      0.02	 0.000         0.0      0.0      0.0    661    0.000
 184.4   -176.5     -0.13	-0.001         0.0      0.0      0.0    684    0.000
 189.6   -176.4     -0.12	-0.001         0.0      0.0      0.0    707        0
 194.7   -176.4     -0.05	 0.000         0.0      0.0      0.0    730     0.00
 199.6   -176.4      0.09	 0.001         0.0      0.0      0.0    753        0
 205.3   -176.4      0.03	 0.000         0.0      0.0      0.0    775        0
 210.5   -176.3      0.12	 0.001         0.0      0.0      0.0    798        0
 216.5   -176.3      0.02	 0.000         0.0      0.0      0.0    821        0
 222.3   -176.6     -0.24	-0.002         0.0      0.0      0.0    844      0.0
 228.0   -176.2      0.28	 0.002         0.0      0.0      0.0    867      0.0
 233.5   -175.3      1.23	 0.009         0.0      0.0      0.0    890      0.0
 239.3   -173.3      3.22	 0.024         0.0      0.0      0.0    913      0.0
 244.8   -171.5      5.26	 0.039         0.0      0.0      0.0    935      0.0
 250.1   -170.0      6.73	 0.050         0.0      0.0      0.0    958      0.0
 255.3   -168.9      7.57	 0.056         0.0      0.0      0.0    981      0.0
 260.6   -168.3      8.27	 0.062         0.0      0.0      0.0   1003      0.0
 266.1   -167.1      9.58	 0.071         0.0      0.0      0.0   1026      0.0
 271.7   -166.5      9.95	 0.074         0.0      0.0      0.0   1049      0.0
 277.3   -165.7     10.92	 0.081         0.0      0.0      0.0   1072         
 282.3   -164.7     12.02	 0.090         0.0      0.0      0.0   1095         
 287.9   -163.1     13.85	 0.103         0.0      0.0      0.0   1117         
 293.8   -161.5     15.24	 0.114         0.0      0.0      0.0   1140         
 299.1   -159.6     17.33	 0.129         0.0      0.0      0.0   1163         
 304.7   -156.6     20.19	 0.151         0.0      0.0      0.0   1186         
 310.4   -153.8     23.13	 0.172         0.0      0.0      0.0   1209         
 316.3   -150.1     26.56	 0.198         0.0      0.0      0.0   1232         
 321.9   -144.8     32.11	 0.239         0.0      0.0      0.0   1254         
 327.6   -140.4     36.77	 0.274         0.0      0.0      0.0   1277         
 333.0   -135.8     41.48	 0.309         0.0      0.0      0.0   1300         
 338.1   -132.3     44.86	 0.335         0.0      0.0      0.0   1323         
 342.9   -127.0     50.06	 0.373         0.0      0.0      0.0   1346         
 348.1   -122.3     54.77	 0.408         0.0      0.0      0.0   1369         
 353.5   -117.6     59.28	 0.442         0.0      0.0      0.0   1392         
 358.7   -114.1     62.72	 0.468         0.0      0.0      0.0   1415         
 363.8   -109.9     66.94	 0.499         0.0      0.0      0.0   1438         
 369.0   -105.6     71.44	 0.533         0.0      0.0      0.0   1461         
 373.9   -102.5     74.46	 0.555         0.0      0.0      0.0   1483         
 378.8    -97.4     79.63	 0.594         0.0      0.0      0.0   1506         
 383.4    -94.1     82.94	 0.618         0.0      0.0      0.0   1529         
 388.3    -89.7     87.47	 0.652         0.0      0.0      0.0   1552         
 392.9    -86.2     90.90	 0.678         0.0      0.0      0.0   1574         
 398.4    -82.5     94.62	 0.706         0.0      0.0      0.0   1597         
 404.3    -77.8     99.34	 0.741         0.0      0.0      0.0   1620         
 409.2    -73.0    104.09	 0.776         0.0      0.0      0.0   1643         
 414.4    -68.9    108.20	 0.807         0.0      0.0      0.0   1666         
 419.7    -65.3    111.83	 0.834         0.0      0.0      0.0   1689         
 425.3    -60.8    116.39	 0.868         0.0      0.0      0.0   1711         
 430.5    -57.8    119.36	 0.890         0.0      0.0      0.0   1734         
 435.5    -54.5    122.56	 0.914         0.0      0.0      0.0   1757         
 440.5    -52.2    124.87	 0.931         0.0      0.0      0.0   1780         
 445.8    -49.8    127.31	 0.949         0.0      0.0      0.0   1803         
 451.7    -47.3    129.77	 0.968         0.0      0.0      0.0   1826         
 456.8    -46.2    130.91	 0.976         0.0      0.0      0.0   1848         
 461.8    -45.2    132.18	 0.986         0.0      0.0      0.0   1871         
 466.6    -44.2    133.13	 0.993         0.0      0.0      0.0   1894         
 471.9    -44.0    133.37	 0.995         0.0      0.0      0.0   1917         
 477.0    -44.1    133.28	 0.994         0.0      0.0      0.0   1940         
 481.7    -43.3    134.10	 1.000         0.0      0.0      0.0   1963         
 486.5    -44.0    133.27	 0.994         0.0      0.0      0.0   1985         
 491.6    -44.5    132.82	 0.990         0.0      0.0      0.0   2008         
 497.6    -46.3    131.04	 0.977         0.0      0.0      0.0   2031         
 502.7    -47.8    129.61	 0.967         0.0      0.0      0.0   2054         
 508.1    -50.2    127.25	 0.949         0.0      0.0      0.0   2077         
 513.3    -53.7    123.66	 0.922         0.0      0.0      0.0   2100         
 517.8    -56.9    120.55	 0.899         0.0      0.0      0.0   2122         
 521.7    -59.8    117.69	 0.878         0.0      0.0      0.0   2145         
 526.3    -65.4    112.01	 0.835         0.0      0.0      0.0   2168         
 531.1    -69.8    107.69	 0.803         0.0      0.0      0.0   2191         
 536.6    -75.4    102.23	 0.762         0.0      0.0      0.0   2213         
 541.2    -80.2     97.55	 0.727         0.0      0.0      0.0   2236         
 546.1    -84.8     92.82	 0.692         0.0      0.0      0.0   2259         
 551.0    -88.5     89.43	 0.667         0.0      0.0      0.0   2282         
 555.2    -91.8     86.02	 0.641         0.0      0.0      0.0   2305         
 560.5    -95.0     82.76	 0.617         0.0      0.0      0.0   2327         
 566.3    -98.3     79.55	 0.593         0.0      0.0      0.0   2350         
 571.2   -100.1     77.94	 0.581         0.0      0.0      0.0   2373         
 575.8   -102.2     75.79	 0.565         0.0      0.0      0.0   2396         
 581.4   -104.7     73.40	 0.547         0.0      0.0      0.0   2419         
 587.0   -106.9     71.30	 0.532         0.0      0.0      0.0   2441         
 591.9   -108.6     69.75	 0.520         0.0      0.0      0.0   2464         
 596.9   -110.2     68.17	 0.508         0.0      0.0      0.0   2487         
 601.9   -111.5     66.82	 0.498         0.0      0.0      0.0   2510         
 605.9   -113.6     64.72	 0.483         0.0      0.0      0.0   2533         
 610.6   -114.2     64.22	 0.479         0.0      0.0      0.0   2555         
 615.3   -115.5     62.94	 0.469         0.0      0.0      0.0   2578         
 621.3   -117.4     61.02	 0.455         0.0      0.0      0.0   2601         
 626.3   -118.2     60.26	 0.449         0.0      0.0      0.0   2623         
 630.7   -119.7     58.85	 0.439         0.0      0.0      0.0   2646         
 635.4   -120.6     57.83	 0.431         0.0      0.0      0.0   2669         
 640.2   -121.3     57.13	 0.426         0.0      0.0      0.0   2692         
 644.6   -123.1     55.28	 0.412         0.0      0.0      0.0   2715         
 649.7   -124.1     54.39	 0.406         0.0      0.0      0.0   2738         
 654.7   -125.8     52.72	 0.393         0.0      0.0      0.0   2761         
 659.5   -127.2     51.39	 0.383         0.0      0.0      0.0   2783         
 664.0   -127.7     50.95	 0.380         0.0      0.0      0.0   2806         
 669.4   -129.7     49.02	 0.366         0.0      0.0      0.0   2829         
 674.2   -129.8     48.88	 0.365         0.0      0.0      0.0   2852         
 679.0   -131.7     47.01	 0.351         0.0      0.0      0.0   2875         
 683.2   -132.4     46.30	 0.345         0.0      0.0      0.0   2898         
 688.0   -133.4     45.19	 0.337         0.0      0.0      0.0   2920         
 691.5   -134.9     43.85	 0.327         0.0      0.0      0.0   2943         
 695.4   -135.5     43.20	 0.322         0.0      0.0      0.0   2966         
 698.3   -136.2     42.37	 0.316         0.0      0.0      0.0   2989         
 699.3   -136.4     42.18	 0.315         0.0      0.0      0.0   3011         
 699.6   -137.9     40.68	 0.303         0.0      0.0      0.0   3034         
 700.5   -138.7     39.88	 0.297         0.0      0.0      0.0   3057         
 700.2   -138.6     39.98	 0.298         0.0      0.0      0.0   3081         
 700.9   -138.2     40.38	 0.301         0.0      0.0      0.0   3103         
 703.8   -138.9     39.68	 0.296         0.0      0.0      0.0   3126         
 706.0   -139.8     38.78	 0.289         0.0      0.0      0.0   3149         
 706.0   -139.4     39.18	 0.292         0.0      0.0      0.0   3172         
 706.0   -140.3     38.28	 0.285         0.0      0.0      0.0   3195         
 704.1   -140.8     37.78	 0.282         0.0      0.0      0.0   3218         
 701.8   -141.0     37.58	 0.280         0.0      0.0      0.0   3241         
 698.6   -140.7     37.88	 0.282         0.0      0.0      0.0   3263         
 694.1   -140.2     38.39	 0.286         0.0      0.0      0.0   3286         
 691.2   -140.2     38.45	 0.287         0.0      0.0      0.0   3309         
 687.0   -139.8     38.84	 0.290         0.0      0.0      0.0   3332         
 683.5   -139.2     39.32	 0.293         0.0      0.0      0.0   3355         
 679.3   -139.9     38.53	 0.287         0.0      0.0      0.0   3378         
 675.5   -138.7     39.81	 0.297         0.0      0.0      0.0   3401         
 671.9   -139.4     38.96	 0.291         0.0      0.0      0.0   3424         
 667.5   -138.7     39.68	 0.296         0.0      0.0      0.0   3447         
 663.3   -138.3     39.99	 0.298         0.0      0.0      0.0   3469         
 659.5   -139.0     39.34	 0.293         0.0      0.0      0.0   3492         
 654.7   -138.6     39.74	 0.296         0.0      0.0      0.0   3515         
 650.6   -137.5     40.76	 0.304         0.0      0.0      0.0   3538         
 646.5   -137.7     40.49	 0.302         0.0      0.0      0.0   3561         
 642.7   -137.1     41.10	 0.306         0.0      0.0      0.0   3584         
 638.6   -137.4     40.73	 0.304         0.0      0.0      0.0   3606         
 634.2   -136.6     41.46	 0.309         0.0      0.0      0.0   3629         
 630.1   -136.4     41.65	 0.311         0.0      0.0      0.0   3652         
 626.3   -136.7     41.25	 0.308         0.0      0.0      0.0   3675         
 622.2   -136.1     41.84	 0.312         0.0      0.0      0.0   3698         
 617.8   -136.1     41.84	 0.312         0.0      0.0      0.0   3721         
 613.1   -135.5     42.46	 0.317         0.0      0.0      0.0   3744         
 608.4   -135.5     42.41	 0.316         0.0      0.0      0.0   3766         
 604.1   -135.4     42.50	 0.317         0.0      0.0      0.0   3789         
 598.8   -135.6     42.21	 0.315         0.0      0.0      0.0   3812         
 593.5   -134.5     43.27	 0.323         0.0      0.0      0.0   3835         
 588.5   -133.9     43.90	 0.327         0.0      0.0      0.0   3858         
 583.6   -133.8     43.94	 0.328         0.0      0.0      0.0   3881         
 578.6   -133.4     44.30	 0.330         0.0      0.0      0.0   3904         
 573.7   -132.5     45.17	 0.337         0.0      0.0      0.0   3927         
 568.8   -131.4     46.24	 0.345         0.0      0.0      0.0   3950         
 564.4   -130.0     47.55	 0.355         0.0      0.0      0.0   3973         
 559.5   -128.7     48.83	 0.364         0.0      0.0      0.0   3996         
 554.6   -126.8     50.74	 0.378         0.0      0.0      0.0   4019         
 549.7   -125.9     51.67	 0.385         0.0      0.0      0.0   4041         
 544.8   -124.6     52.96	 0.395         0.0      0.0      0.0   4064         
 539.7   -123.7     53.86	 0.402         0.0      0.0      0.0   4087         
 535.1   -122.4     55.04	 0.410         0.0      0.0      0.0   4110         
 530.5   -121.7     55.63	 0.415         0.0      0.0      0.0   4133         
 526.0   -121.7     55.68	 0.415         0.0      0.0      0.0   4156         
 520.8   -120.9     56.46	 0.421         0.0      0.0      0.0   4179         
 515.7   -121.0     56.27	 0.420         0.0      0.0      0.0   4202         
 510.9   -120.4     56.94	 0.425         0.0      0.0      0.0   4225         
 506.0   -120.2     57.18	 0.426         0.0      0.0      0.0   4247         
 500.9   -120.1     57.15	 0.426         0.0      0.0      0.0   4270         
 495.8   -119.6     57.57	 0.429         0.0      0.0      0.0   4293         
 490.7   -119.3     57.88	 0.432         0.0      0.0      0.0   4316         
 485.6   -118.5     58.68	 0.438         0.0      0.0      0.0   4338         
 480.2   -118.5     58.62	 0.437         0.0      0.0      0.0   4361         
 475.8   -117.8     59.31	 0.442         0.0      0.0      0.0   4384         
 471.0   -117.4     59.72	 0.445         0.0      0.0      0.0   4407         
 466.0   -116.9     60.25	 0.449         0.0      0.0      0.0   4430         
 460.9   -116.6     60.54	 0.451         0.0      0.0      0.0   4452         
 455.3   -116.5     60.71	 0.453         0.0      0.0      0.0   4475         
 450.3   -117.0     60.08	 0.448         0.0      0.0      0.0   4498         
 445.0   -116.7     60.35	 0.450         0.0      0.0      0.0   4521         
 439.9   -116.7     60.28	 0.450         0.0      0.0      0.0   4544         
 434.9   -116.7     60.22	 0.449         0.0      0.0      0.0   4567         
 430.0   -116.7     60.23	 0.449         0.0      0.0      0.0   4590         
 424.7   -117.0     59.94	 0.447         0.0      0.0      0.0   4613         
 419.7   -117.2     59.71	 0.445         0.0      0.0      0.0   4635         
 414.7   -117.3     59.62	 0.445         0.0      0.0      0.0   4658         
 409.8   -116.8     60.19	 0.449         0.0      0.0      0.0   4681         
 404.5   -117.1     59.86	 0.446         0.0      0.0      0.0   4704         
 399.3   -117.6     59.36	 0.443         0.0      0.0      0.0   4727         
 394.1   -117.7     59.22	 0.442         0.0      0.0      0.0   4750         
 389.2   -118.3     58.68	 0.438         0.0      0.0      0.0   4773         
 384.5   -118.5     58.46	 0.436         0.0      0.0      0.0   4796         
 379.6   -119.2     57.69	 0.430         0.0      0.0      0.0   4819         
 374.4   -119.0     58.00	 0.432         0.0      0.0      0.0   4842         
 369.3   -118.9     58.02	 0.433         0.0      0.0      0.0   4864         
 363.8   -119.6     57.30	 0.427         0.0      0.0      0.0   4887         
 358.7   -120.1     56.71	 0.423         0.0      0.0      0.0   4910         
 353.5   -119.8     57.10	 0.426         0.0      0.0      0.0   4933         
 348.1   -120.2     56.64	 0.422         0.0      0.0      0.0   4956         
 342.9   -120.5     56.43	 0.421         0.0      0.0      0.0   4979         
 337.8   -121.1     55.80	 0.416         0.0      0.0      0.0   5001         
 332.1   -121.4     55.50	 0.414         0.0      0.0      0.0   5024         
 326.8   -121.7     55.16	 0.411         0.0      0.0      0.0   5047         
 321.4   -122.2     54.62	 0.407         0.0      0.0      0.0   5070         
 316.0   -122.3     54.48	 0.406         0.0      0.0      0.0   5093         
 310.4   -122.5     54.30	 0.405         0.0      0.0      0.0   5116         
 305.0   -123.4     53.47	 0.399         0.0      0.0      0.0   5139         
 299.4   -124.1     52.79	 0.394         0.0      0.0      0.0   5162         
 294.3   -124.2     52.73	 0.393         0.0      0.0      0.0   5185         
 289.3   -124.5     52.39	 0.391         0.0      0.0      0.0   5208         
 284.0   -124.9     51.97	 0.388         0.0      0.0      0.0   5230         
 279.0   -125.3     51.58	 0.385         0.0      0.0      0.0   5253         
 273.9   -125.9     50.93	 0.380         0.0      0.0      0.0   5276         
 268.1   -125.6     51.13	 0.381         0.0      0.0      0.0   5299         
 263.1   -126.0     50.76	 0.379         0.0      0.0      0.0   5322         
 257.8   -126.4     50.33	 0.375         0.0      0.0      0.0   5345         
 252.8   -126.4     50.19	 0.374         0.0      0.0      0.0   5368         
 247.9   -127.4     49.15	 0.366         0.0      0.0      0.0   5390         
 242.6   -127.1     49.39	 0.368         0.0      0.0      0.0   5413         
 237.4   -128.1     48.38	 0.361         0.0      0.0      0.0   5436         
 231.9   -128.5     47.96	 0.358         0.0      0.0      0.0   5459         
 226.4   -128.3     48.18	 0.359         0.0      0.0      0.0   5482         
 220.9   -128.4     48.08	 0.359         0.0      0.0      0.0   5504         
 215.2   -128.7     47.92	 0.357         0.0      0.0      0.0   5527         
 209.7   -129.0     47.61	 0.355         0.0      0.0      0.0   5551         
 204.0   -129.1     47.44	 0.354         0.0      0.0      0.0   5574         
 198.5   -129.1     47.46	 0.354         0.0      0.0      0.0   5596         
 193.4   -129.6     46.93	 0.350         0.0      0.0      0.0   5619         
 187.9   -129.7     46.78	 0.349         0.0      0.0      0.0   5642         
 182.8   -129.9     46.54	 0.347         0.0      0.0      0.0   5665         
 177.7   -130.0     46.46	 0.346         0.0      0.0      0.0   5688         
 173.1   -130.4     46.03	 0.343         0.0      0.0      0.0   5710         
 168.5   -130.2     46.27	 0.345         0.0      0.0      0.0   5733         
 163.9   -130.2     46.29	 0.345         0.0      0.0      0.0   5756         
 159.6   -130.6     45.88	 0.342         0.0      0.0      0.0   5779         
 155.1   -131.2     45.28	 0.338         0.0      0.0      0.0   5802         
 150.5   -130.7     45.76	 0.341         0.0      0.0      0.0   5825         
 145.7   -130.8     45.66	 0.341         0.0      0.0      0.0   5847         
 140.6   -131.0     45.41	 0.339         0.0      0.0      0.0   5870         
 135.8   -131.1     45.29	 0.338         0.0      0.0      0.0   5893         
 130.5   -131.3     45.10	 0.336         0.0      0.0      0.0   5915         
 125.7   -131.6     44.80	 0.334         0.0      0.0      0.0   5938         
 120.6   -131.7     44.64	 0.333         0.0      0.0      0.0   5961         
 116.1   -131.6     44.73	 0.334         0.0      0.0      0.0   5984         
 111.4   -131.7     44.64	 0.333         0.0      0.0      0.0   6007         
 107.4   -131.9     44.42	 0.331         0.0      0.0      0.0   6029         
 103.2   -132.2     44.17	 0.329         0.0      0.0      0.0   6052         
  99.2   -132.3     44.00	 0.328         0.0      0.0      0.0   6075         
  95.0   -132.2     44.10	 0.329         0.0      0.0      0.0   6098         
  90.8   -132.6     43.72	 0.326         0.0      0.0      0.0   6121         
  87.1   -132.2     44.16	 0.329         0.0      0.0      0.0   6144         
  83.2   -132.9     43.38	 0.323         0.0      0.0      0.0   6166         
  79.2   -132.9     43.42	 0.324         0.0      0.0      0.0   6189         
  75.8   -132.7     43.66	 0.326         0.0      0.0      0.0   6212         
  72.2   -133.2     43.16	 0.322         0.0      0.0      0.0   6235         
  68.8   -133.1     43.20	 0.322         0.0      0.0      0.0   6258         
  65.6   -133.3     42.95	 0.320         0.0      0.0      0.0   6280         
  62.0   -133.5     42.89	 0.320         0.0      0.0      0.0   6303         
  58.9   -133.4     43.01	 0.321         0.0      0.0      0.0   6326         
  55.7   -133.5     42.85	 0.320         0.0      0.0      0.0   6350         
  52.9   -133.4     42.96	 0.320         0.0      0.0      0.0   6372         
  50.0   -133.7     42.63	 0.318         0.0      0.0      0.0   6395         
	