time temp susc csusc
 0             0             0             0             0            no
     0     28.5      -156.5        0.0
    37     35.7      -156.9        0.0
    55     40.1      -156.9        0.0
    72     46.9      -156.9        0.0
    89     52.1      -156.9        0.0
   110     58.6      -157.0        0.0
   128     62.2      -156.7        0.0
   147     67.5      -156.3        0.0
   168     71.0      -156.8        0.0
   187     74.4      -156.7        0.0
   204     77.5      -156.8        0.0
   223     81.1      -157.0        0.0
   246     85.2      -156.9        0.0
   267     88.5      -157.0        0.0
   288     91.8      -157.0        0.0
   308     94.4      -156.9        0.0
   328     98.0      -156.9        0.0
   348    100.9      -156.9        0.0
   369    103.4      -157.0        0.0
   391    106.9      -156.9        0.0
   412    109.4      -157.0        0.0
   433    112.5      -156.9        0.0
   458    116.3      -156.9        0.0
   478    119.3      -156.9        0.0
   499    122.8      -156.9        0.0
   520    125.8      -157.1        0.0
   548    130.9      -157.0        0.0
   566    133.3      -156.9        0.0
   582    136.3      -156.2        0.0
   613    141.1      -156.8        0.0
   634    144.3      -156.9        0.0
   662    149.6      -157.0        0.0
   687    153.8      -157.1        0.0
   708    157.5      -157.1        0.0
   726    161.7      -157.0        0.0
   747    165.2      -157.0        0.0
   767    168.7      -157.1        0.0
   788    172.5      -157.2        0.0
   806    176.1      -157.1        0.0
   826    180.0      -157.2        0.0
   845    183.8      -157.2        0.0
   863    186.9      -157.2        0.0
   884    190.9      -157.1        0.0
   904    194.9      -157.3        0.0
   924    198.7      -157.1        0.0
   945    202.8      -157.4        0.0
   974    208.9      -157.4        0.0
   995    213.7      -157.4        0.0
  1015    217.6      -157.2        0.0
  1036    222.1      -157.2        0.0
  1057    225.5      -156.8        0.0
  1078    229.5      -157.2        0.0
  1105    234.2      -157.3        0.0
  1125    238.0      -157.3        0.0
  1143    241.1      -157.4        0.0
  1165    244.9      -157.4        0.0
  1194    250.1      -157.3        0.0
  1215    254.7      -157.4        0.0
  1244    259.9      -157.4        0.0
  1261    262.9      -157.4        0.0
  1290    269.6      -157.3        0.0
  1322    275.9      -157.3        0.0
  1355    282.1      -157.4        0.0
  1380    286.7      -157.2        0.0
  1402    291.9      -157.2        0.0
  1423    295.8      -157.1        0.0
  1453    300.3      -156.9        0.0
  1473    304.3      -156.6        0.0
  1491    308.0      -156.2        0.0
  1519    313.2      -154.9        0.0
  1549    318.4      -152.0        0.0
  1576    323.8      -148.2        0.0
  1596    327.3      -145.6        0.0
  1617    331.2      -142.5        0.0
  1638    334.2      -140.1        0.0
  1659    338.0      -138.6        0.0
  1690    343.7      -136.5        0.0
  1710    347.1      -135.7        0.0
  1736    351.7      -135.2        0.0
  1756    356.2      -134.8        0.0
  1777    359.7      -134.9        0.0
  1798    363.5      -134.9        0.0
  1822    367.4      -134.8        0.0
  1843    370.8      -135.0        0.0
  1863    375.0      -135.1        0.0
  1895    380.7      -135.4        0.0
  1916    384.5      -135.6        0.0
  1936    388.0      -135.3        0.0
  1968    394.4      -135.6        0.0
  1989    398.2      -135.8        0.0
  2011    402.8      -135.6        0.0
  2033    406.5      -135.5        0.0
  2052    409.6      -134.4        0.0
  2072    413.2      -134.6        0.0
  2094    417.4      -133.8        0.0
  2113    422.0      -133.0        0.0
  2134    425.1      -131.5        0.0
  2154    428.9      -130.1        0.0
  2175    432.8      -128.1        0.0
  2205    438.8      -123.4        0.0
  2224    441.4      -119.3        0.0
  2244    445.3      -113.7        0.0
  2265    449.6      -106.8        0.0
  2291    454.0       -96.1        0.0
  2311    457.2       -86.3        0.0
  2332    461.0       -74.4        0.0
  2353    464.6       -61.3        0.0
  2383    470.1       -40.3        0.0
  2410    474.3       -19.4        0.0
  2431    478.4        -3.1        0.0
  2461    483.2        18.6        0.0
  2492    488.7        37.4        0.0
  2522    493.2        49.8        0.0
  2539    495.6        54.1        0.0
  2572    501.6        55.3        0.0
  2594    504.6        52.4        0.0
  2610    507.5        48.8        0.0
  2630    510.8        40.9        0.0
  2651    514.5        30.7        0.0
  2683    519.7        12.0        0.0
  2723    525.8       -14.4        0.0
  2755    530.7       -37.0        0.0
  2788    535.6       -62.4        0.0
  2820    540.7       -86.8        0.0
  2845    544.6      -104.3        0.0
  2875    549.9      -123.6        0.0
  2895    553.1      -134.2        0.0
  2914    555.6      -142.4        0.0
  2931    558.9      -148.8        0.0
  2952    562.3      -155.2        0.0
  2974    565.7      -159.2        0.0
  3009    571.1      -162.1        0.0
  3040    576.0      -162.8        0.0
  3072    581.1      -163.0        0.0
  3105    585.2      -163.1        0.0
  3138    590.0      -163.3        0.0
  3172    595.9      -163.4        0.0
  3205    602.1      -163.5        0.0
  3243    608.6      -163.5        0.0
  3279    614.3      -163.1        0.0
  3313    620.2      -163.6        0.0
  3355    627.7      -163.8        0.0
  3392    633.3      -164.0        0.0
  3430    639.4      -164.1        0.0
  3472    647.0      -164.1        0.0
  3511    652.7      -164.1        0.0
  3556    661.1      -164.2        0.0
  3594    667.4      -164.2        0.0
  3630    674.4      -164.0        0.0
  3672    681.4      -164.1        0.0
  3712    687.7      -164.2        0.0
  3754    694.5      -164.2        0.0
  3794    701.6      -164.1        0.0
  3835    708.2      -164.2        0.0
  3879    708.2      -164.1        0.0
  3925    705.1      -164.3        0.0
  3970    700.5      -164.3        0.0
  4008    694.8      -164.1        0.0
  4052    689.3      -164.1        0.0
  4096    682.9      -163.8        0.0
  4136    676.6      -163.8        0.0
  4174    670.6      -163.5        0.0
  4216    664.3      -163.7        0.0
  4255    658.3      -163.7        0.0
  4294    652.7      -163.6        0.0
  4336    646.7      -163.8        0.0
  4372    641.3      -163.7        0.0
  4414    634.7      -163.9        0.0
  4458    627.9      -163.8        0.0
  4525    619.7      -163.8        0.0
  4567    613.0      -163.6        0.0
  4611    604.8      -163.4        0.0
  4657    597.8      -163.0        0.0
  4699    590.9      -162.6        0.0
  4741    583.8      -162.2        0.0
  4781    576.5      -161.6        0.0
  4823    570.1      -160.9        0.0
  4865    563.3      -158.6        0.0
  4905    556.0      -150.5        0.0
  4947    549.0      -140.9        0.0
  4988    540.9      -134.3        0.0
  5031    533.9      -129.3        0.0
  5077    526.0      -125.5        0.0
  5123    517.9      -122.0        0.0
  5161    511.8      -118.9        0.0
  5208    502.9      -116.3        0.0
  5250    495.6      -113.9        0.0
  5290    488.9      -111.5        0.0
  5329    482.2      -109.4        0.0
  5372    474.3      -106.7        0.0
  5409    467.6      -104.4        0.0
  5454    458.8      -102.0        0.0
  5493    451.1       -99.5        0.0
  5533    444.0       -97.2        0.0
  5580    435.1       -94.5        0.0
  5620    427.6       -92.2        0.0
  5665    419.9       -89.8        0.0
  5714    411.4       -87.3        0.0
  5757    404.3       -85.1        0.0
  5796    397.2       -83.2        0.0
  5838    389.5       -81.4        0.0
  5876    381.7       -80.1        0.0
  5915    374.8       -78.7        0.0
  5954    367.4       -77.5        0.0
  5993    360.2       -76.6        0.0
  6035    352.2       -75.5        0.0
  6068    346.3       -75.0        0.0
  6112    338.0       -74.4        0.0
  6148    332.0       -74.1        0.0
  6188    323.8       -74.0        0.0
  6227    316.9       -71.6        0.0
  6263    311.3        11.9        0.0
  6305    303.3        30.5        0.0
  6345    297.0        25.2        0.0
  6380    290.5        21.4        0.0
  6417    282.9        15.5        0.0
  6451    276.9         9.7        0.0
  6469    274.3         6.6        0.0
  6490    269.6         2.4        0.0
  6533    261.0        -5.6        0.0
  6577    253.2       -12.8        0.0
  6609    247.7       -17.6        0.0
  6647    241.4       -23.3        0.0
  6683    235.1       -28.0        0.0
  6702    231.0       -29.9        0.0
  6720    228.3       -32.6        0.0
  6741    224.3       -35.2        0.0
  6775    217.0       -39.0        0.0
  6796    213.7       -41.3        0.0
  6830    205.7       -44.5        0.0
  6861    199.6       -47.0        0.0
  6895    193.8       -49.7        0.0
  6917    190.0       -51.1        0.0
  6939    187.2       -52.6        0.0
  6968    182.6       -54.2        0.0
  6989    178.8       -55.6        0.0
  7008    175.4       -56.4        0.0
  7029    171.6       -57.4        0.0
  7048    168.4       -58.3        0.0
  7068    165.5       -59.1        0.0
  7089    161.7       -60.0        0.0
  7109    158.3       -61.0        0.0
  7141    152.5       -62.2        0.0
  7173    147.7       -63.4        0.0
  7199    143.3       -64.1        0.0
  7220    140.5       -64.8        0.0
  7240    136.3       -65.2        0.0
  7263    132.6       -65.3        0.0
  7280    130.2       -66.3        0.0
  7300    126.5       -67.1        0.0
  7321    124.2       -67.7        0.0
  7342    120.6       -68.4        0.0
  7362    117.3       -69.1        0.0
  7380    114.7       -69.4        0.0
  7401    111.6       -70.0        0.0
  7429    107.6       -70.8        0.0
  7461    103.8       -71.6        0.0
  7489     99.5       -72.2        0.0
  7507     96.2       -72.5        0.0
  7528     93.5       -73.2        0.0
  7556     90.3       -73.6        0.0
  7576     87.3       -74.1        0.0
  7598     84.8       -74.6        0.0
  7623     81.1       -75.0        0.0
  7643     78.7       -75.5        0.0
  7668     75.2       -76.0        0.0
  7687     73.3       -76.2        0.0
  7705     71.0       -76.8        0.0
  7727     68.3       -77.1        0.0
  7753     66.3       -76.9        0.0
  7771     63.9       -77.6        0.0
  7789     61.9       -77.9        0.0
  7807     59.9       -78.2        0.0
  7827     57.9       -78.7        0.0
  7849     53.4       -79.3        0.0
  7866     50.0       -79.6        0.0
  7887     45.4       -80.5        0.0
