  TEMP    TSUSC     CSUSC NSUSC       BULKS    FERRT    FERRB   TIME   jrpnew
  27.0   -168.6      4.98 0.018         0.0      0.0      0.0      0      0.0
  28.3   -169.3      4.28 0.016         0.0      0.0      0.0     24    0.000
  33.7   -169.4      4.18 0.015         0.0      0.0      0.0     47    0.000
  40.4   -168.6      4.98 0.018         0.0      0.0      0.0     69    0.000
  47.4   -168.7      4.88 0.018         0.0      0.0      0.0     92        5
  53.9   -169.4      4.18 0.015         0.0      0.0      0.0    115   0/1200
  59.9   -169.4      4.18 0.015         0.0      0.0      0.0    138        0
  65.9   -169.3      4.27 0.016         0.0      0.0      0.0    161        0
  71.4   -169.5      4.06 0.015         0.0      0.0      0.0    183        0
  76.9   -169.5      4.11 0.015         0.0      0.0      0.0    206     0.00
  81.9   -169.7      3.90 0.014         0.0      0.0      0.0    229     0.00
  87.1   -169.6      3.99 0.015         0.0      0.0      0.0    252     0.00
  91.8   -169.7      3.92 0.014         0.0      0.0      0.0    274     0.00
  96.6   -170.7      2.92 0.011         0.0      0.0      0.0    297     0.00
 101.8   -169.1      4.50 0.017         0.0      0.0      0.0    320     0.00
 106.6   -169.9      3.72 0.014         0.0      0.0      0.0    343     0.00
 111.4   -169.9      3.74 0.014         0.0      0.0      0.0    366     0.00
 116.7   -169.7      3.92 0.014         0.0      0.0      0.0    388     0.00
 122.0   -169.6      4.15 0.015         0.0      0.0      0.0    411     0.00
 127.0   -169.8      3.91 0.014         0.0      0.0      0.0    434         
 131.8   -169.7      4.04 0.015         0.0      0.0      0.0    457         
 136.9   -169.9      3.86 0.014         0.0      0.0      0.0    480         
 141.7   -169.9      3.76 0.014         0.0      0.0      0.0    503 3488.424
 146.5   -171.2      2.56 0.009         0.0      0.0      0.0    526 4175.435
 151.0   -170.2      3.55 0.013         0.0      0.0      0.0    548     2436
 156.4   -169.7      4.13 0.015         0.0      0.0      0.0    571     0.91
 161.2   -170.5      3.36 0.012         0.0      0.0      0.0    594       40
 166.6   -170.4      3.39 0.013         0.0      0.0      0.0    617      345
 171.7   -170.3      3.53 0.013         0.0      0.0      0.0    639        0
 177.1   -170.3      3.52 0.013         0.0      0.0      0.0    662    0.000
 182.3   -170.1      3.85 0.014         0.0      0.0      0.0    685    0.000
 187.7   -170.0      4.00 0.015         0.0      0.0      0.0    708        0
 192.6   -170.2      3.84 0.014         0.0      0.0      0.0    731     0.00
 197.7   -170.3      3.78 0.014         0.0      0.0      0.0    753        0
 202.9   -170.8      3.22 0.012         0.0      0.0      0.0    776        0
 208.6   -170.4      3.73 0.014         0.0      0.0      0.0    799        0
 214.3   -170.5      3.68 0.014         0.0      0.0      0.0    822        0
 219.8   -170.7      3.50 0.013         0.0      0.0      0.0    844      0.0
 225.8   -170.4      3.81 0.014         0.0      0.0      0.0    867      0.0
 231.9   -170.2      4.01 0.015         0.0      0.0      0.0    890      0.0
 237.7   -170.0      4.22 0.016         0.0      0.0      0.0    913      0.0
 243.2   -168.0      6.20 0.023         0.0      0.0      0.0    936      0.0
 248.4   -163.6     10.60 0.039         0.0      0.0      0.0    958      0.0
 253.4   -159.1     15.06 0.056         0.0      0.0      0.0    981      0.0
 258.9   -156.2     17.90 0.066         0.0      0.0      0.0   1004      0.0
 264.5   -155.1     19.05 0.070         0.0      0.0      0.0   1027      0.0
 269.8   -154.0     20.11 0.074         0.0      0.0      0.0   1049      0.0
 275.6   -153.2     20.92 0.077         0.0      0.0      0.0   1072         
 280.3   -152.5     21.60 0.080         0.0      0.0      0.0   1095         
 285.1   -151.5     22.66 0.084         0.0      0.0      0.0   1118         
 290.7   -150.8     23.38 0.086         0.0      0.0      0.0   1140         
 296.0   -149.9     24.35 0.090         0.0      0.0      0.0   1163         
 301.1   -148.5     25.82 0.095         0.0      0.0      0.0   1186         
 306.7   -149.1     25.29 0.093         0.0      0.0      0.0   1209         
 312.1   -148.2     26.19 0.097         0.0      0.0      0.0   1232         
 317.7   -147.2     27.24 0.101         0.0      0.0      0.0   1254         
 323.4   -146.3     28.17 0.104         0.0      0.0      0.0   1277         
 328.7   -145.6     28.94 0.107         0.0      0.0      0.0   1299         
 333.8   -145.0     29.49 0.109         0.0      0.0      0.0   1322         
 339.2   -143.5     30.98 0.114         0.0      0.0      0.0   1345         
 344.4   -141.9     32.57 0.120         0.0      0.0      0.0   1368         
 350.1   -140.0     34.50 0.127         0.0      0.0      0.0   1391         
 355.2   -137.4     37.06 0.137         0.0      0.0      0.0   1414         
 360.7   -133.9     40.53 0.150         0.0      0.0      0.0   1437         
 366.1   -129.9     44.51 0.164         0.0      0.0      0.0   1460         
 371.0   -125.6     48.88 0.180         0.0      0.0      0.0   1483         
 375.9   -121.3     53.18 0.196         0.0      0.0      0.0   1506         
 380.5   -117.3     57.23 0.211         0.0      0.0      0.0   1529         
 385.4   -113.6     60.90 0.225         0.0      0.0      0.0   1551         
 390.6   -110.7     63.82 0.236         0.0      0.0      0.0   1574         
 396.1   -107.9     66.63 0.246         0.0      0.0      0.0   1597         
 401.3   -105.1     69.43 0.256         0.0      0.0      0.0   1620         
 406.9   -102.7     71.88 0.265         0.0      0.0      0.0   1643         
 412.4    -99.9     74.68 0.276         0.0      0.0      0.0   1665         
 417.7    -97.1     77.48 0.286         0.0      0.0      0.0   1688         
 422.6    -94.2     80.42 0.297         0.0      0.0      0.0   1711         
 427.6    -90.4     84.29 0.311         0.0      0.0      0.0   1734         
 432.0    -86.4     88.32 0.326         0.0      0.0      0.0   1757         
 436.1    -81.2     93.56 0.346         0.0      0.0      0.0   1780         
 440.8    -75.3     99.44 0.367         0.0      0.0      0.0   1802         
 445.8    -68.2    106.61 0.394         0.0      0.0      0.0   1825         
 451.4    -61.5    113.33 0.418         0.0      0.0      0.0   1848         
 456.5    -55.9    118.92 0.439         0.0      0.0      0.0   1871         
 461.2    -50.3    124.53 0.460         0.0      0.0      0.0   1893         
 466.3    -45.2    129.63 0.479         0.0      0.0      0.0   1916         
 471.0    -39.7    135.14 0.499         0.0      0.0      0.0   1939         
 475.2    -34.4    140.43 0.519         0.0      0.0      0.0   1962         
 480.0    -29.1    145.77 0.538         0.0      0.0      0.0   1984         
 485.0    -23.5    151.37 0.559         0.0      0.0      0.0   2007         
 490.7    -17.4    157.52 0.582         0.0      0.0      0.0   2030         
 495.8    -11.4    163.55 0.604         0.0      0.0      0.0   2053         
 501.2     -4.4    170.62 0.630         0.0      0.0      0.0   2076         
 506.0      2.0    176.99 0.654         0.0      0.0      0.0   2099         
 511.2      8.6    183.59 0.678         0.0      0.0      0.0   2122         
 516.3     15.3    190.33 0.703         0.0      0.0      0.0   2144         
 521.7     22.1    197.17 0.728         0.0      0.0      0.0   2167         
 527.8     28.5    203.57 0.752         0.0      0.0      0.0   2190         
 533.0     34.2    209.32 0.773         0.0      0.0      0.0   2212         
 537.8     37.9    213.07 0.787         0.0      0.0      0.0   2235         
 542.7     38.5    213.70 0.789         0.0      0.0      0.0   2258         
 547.6     35.6    210.78 0.778         0.0      0.0      0.0   2281         
 552.8     27.4    202.69 0.748         0.0      0.0      0.0   2303         
 558.0     14.0    189.33 0.699         0.0      0.0      0.0   2326         
 562.6     -2.2    173.11 0.639         0.0      0.0      0.0   2349         
 566.9    -20.2    155.10 0.573         0.0      0.0      0.0   2372         
 571.5    -40.6    134.79 0.498         0.0      0.0      0.0   2395         
 577.1    -60.9    114.55 0.423         0.0      0.0      0.0   2418         
 582.3    -74.8    100.70 0.372         0.0      0.0      0.0   2440         
 587.6    -79.9     95.56 0.353         0.0      0.0      0.0   2463         
 592.6    -83.5     91.98 0.340         0.0      0.0      0.0   2486         
 597.5    -86.0     89.53 0.331         0.0      0.0      0.0   2509         
 602.5    -88.5     87.07 0.322         0.0      0.0      0.0   2532         
 607.2    -90.8     84.83 0.313         0.0      0.0      0.0   2555         
 611.6    -91.3     84.34 0.311         0.0      0.0      0.0   2577         
 615.9    -92.2     83.50 0.308         0.0      0.0      0.0   2600         
 619.4    -92.6     83.14 0.307         0.0      0.0      0.0   2623         
 624.7    -93.8     81.94 0.303         0.0      0.0      0.0   2646         
 630.4    -95.1     80.74 0.298         0.0      0.0      0.0   2669         
 636.1    -96.7     79.25 0.293         0.0      0.0      0.0   2692         
 641.4    -97.5     78.44 0.290         0.0      0.0      0.0   2715         
 646.2    -98.9     77.07 0.285         0.0      0.0      0.0   2738         
 652.5    -99.3     76.71 0.283         0.0      0.0      0.0   2761         
 657.6    -99.9     76.13 0.281         0.0      0.0      0.0   2783         
 663.6   -100.7     75.33 0.278         0.0      0.0      0.0   2806         
 668.8   -100.3     75.70 0.280         0.0      0.0      0.0   2829         
 672.9    -99.8     76.30 0.282         0.0      0.0      0.0   2852         
 678.0    -99.5     76.65 0.283         0.0      0.0      0.0   2875         
 681.9    -99.4     76.68 0.283         0.0      0.0      0.0   2897         
 686.7    -99.4     76.72 0.283         0.0      0.0      0.0   2920         
 691.8    -99.0     77.13 0.285         0.0      0.0      0.0   2943         
 695.7    -99.0     77.14 0.285         0.0      0.0      0.0   2966         
 698.3    -99.1     77.06 0.285         0.0      0.0      0.0   2989         
 700.5    -98.7     77.46 0.286         0.0      0.0      0.0   3012         
 700.5    -97.9     78.26 0.289         0.0      0.0      0.0   3035         
 700.5    -97.7     78.46 0.290         0.0      0.0      0.0   3058         
 700.9    -96.7     79.49 0.294         0.0      0.0      0.0   3081         
 698.9    -96.2     80.00 0.295         0.0      0.0      0.0   3104         
 697.3    -94.9     81.31 0.300         0.0      0.0      0.0   3126         
 694.7    -93.7     82.50 0.305         0.0      0.0      0.0   3149         
 691.8    -92.3     83.87 0.310         0.0      0.0      0.0   3172         
 688.9    -91.2     84.91 0.314         0.0      0.0      0.0   3195         
 686.0    -90.2     85.91 0.317         0.0      0.0      0.0   3217         
 683.2    -88.6     87.49 0.323         0.0      0.0      0.0   3240         
 679.0    -88.1     87.96 0.325         0.0      0.0      0.0   3263         
 674.2    -86.9     89.09 0.329         0.0      0.0      0.0   3286         
 669.1    -85.1     90.86 0.336         0.0      0.0      0.0   3309         
 664.9    -83.5     92.36 0.341         0.0      0.0      0.0   3331         
 661.4    -82.1     93.78 0.346         0.0      0.0      0.0   3354         
 657.0    -81.5     94.26 0.348         0.0      0.0      0.0   3377         
 652.8    -80.0     95.84 0.354         0.0      0.0      0.0   3400         
 649.3    -79.2     96.60 0.357         0.0      0.0      0.0   3423         
 645.5    -78.6     97.13 0.359         0.0      0.0      0.0   3446         
 641.4    -76.7     98.95 0.365         0.0      0.0      0.0   3468         
 636.7    -75.7     99.97 0.369         0.0      0.0      0.0   3491         
 632.3    -74.5    101.10 0.373         0.0      0.0      0.0   3514         
 628.2    -73.0    102.60 0.379         0.0      0.0      0.0   3537         
 623.8    -71.9    103.66 0.383         0.0      0.0      0.0   3560         
 620.0    -70.8    104.76 0.387         0.0      0.0      0.0   3583         
 615.9    -69.2    106.26 0.392         0.0      0.0      0.0   3606         
 611.3    -69.0    106.42 0.393         0.0      0.0      0.0   3629         
 606.6    -67.3    108.07 0.399         0.0      0.0      0.0   3652         
 602.2    -66.2    109.23 0.403         0.0      0.0      0.0   3675         
 597.2    -65.7    109.59 0.405         0.0      0.0      0.0   3698         
 592.9    -64.2    111.04 0.410         0.0      0.0      0.0   3721         
 588.5    -63.1    112.11 0.414         0.0      0.0      0.0   3743         
 584.8    -62.2    112.99 0.417         0.0      0.0      0.0   3766         
 580.2    -61.3    113.89 0.421         0.0      0.0      0.0   3789         
 575.2    -59.9    115.25 0.426         0.0      0.0      0.0   3812         
 570.0    -58.9    116.15 0.429         0.0      0.0      0.0   3835         
 565.1    -57.1    118.03 0.436         0.0      0.0      0.0   3858         
 560.1    -55.8    119.22 0.440         0.0      0.0      0.0   3881         
 554.9    -53.9    121.11 0.447         0.0      0.0      0.0   3905         
 549.7    -51.6    123.36 0.456         0.0      0.0      0.0   3927         
 544.2    -48.6    126.30 0.466         0.0      0.0      0.0   3950         
 538.4    -45.0    129.88 0.480         0.0      0.0      0.0   3972         
 533.3    -40.8    133.98 0.495         0.0      0.0      0.0   3995         
 528.1    -36.0    138.82 0.513         0.0      0.0      0.0   4018         
 523.9    -30.5    144.26 0.533         0.0      0.0      0.0   4040         
 518.4    -25.0    149.75 0.553         0.0      0.0      0.0   4063         
 513.3    -16.8    157.91 0.583         0.0      0.0      0.0   4086         
 508.1     -7.9    166.73 0.616         0.0      0.0      0.0   4109         
 502.7      2.2    176.85 0.653         0.0      0.0      0.0   4132         
 497.6     12.6    187.22 0.691         0.0      0.0      0.0   4155         
 492.8     21.8    196.43 0.725         0.0      0.0      0.0   4178         
 488.3     30.6    205.22 0.758         0.0      0.0      0.0   4201         
 483.5     39.9    214.51 0.792         0.0      0.0      0.0   4224         
 478.2     49.5    224.05 0.827         0.0      0.0      0.0   4246         
 473.1     58.3    232.84 0.860         0.0      0.0      0.0   4269         
 468.0     67.1    241.66 0.892         0.0      0.0      0.0   4292         
 463.0     75.4    249.92 0.923         0.0      0.0      0.0   4315         
 458.0     82.9    257.43 0.951         0.0      0.0      0.0   4338         
 452.3     89.4    263.89 0.975         0.0      0.0      0.0   4361         
 446.7     94.4    268.92 0.993         0.0      0.0      0.0   4384         
 441.4     96.3    270.79 1.000         0.0      0.0      0.0   4406         
 436.1     95.4    269.92 0.997         0.0      0.0      0.0   4429         
 431.7     94.1    268.70 0.992         0.0      0.0      0.0   4452         
 427.3     92.6    267.18 0.987         0.0      0.0      0.0   4475         
 422.3     91.0    265.59 0.981         0.0      0.0      0.0   4498         
 417.7     88.9    263.48 0.973         0.0      0.0      0.0   4521         
 412.7     87.1    261.61 0.966         0.0      0.0      0.0   4544         
 407.7     85.3    259.87 0.960         0.0      0.0      0.0   4567         
 403.1     83.3    257.81 0.952         0.0      0.0      0.0   4589         
 398.2     81.9    256.38 0.947         0.0      0.0      0.0   4612         
 393.2     79.9    254.38 0.939         0.0      0.0      0.0   4635         
 387.7     78.4    252.84 0.934         0.0      0.0      0.0   4658         
 382.5     76.3    250.72 0.926         0.0      0.0      0.0   4681         
 377.3     75.2    249.61 0.922         0.0      0.0      0.0   4703         
 371.9     73.2    247.57 0.914         0.0      0.0      0.0   4726         
 366.7     71.3    245.66 0.907         0.0      0.0      0.0   4749         
 361.5     69.9    244.25 0.902         0.0      0.0      0.0   4772         
 355.8     68.1    242.38 0.895         0.0      0.0      0.0   4795         
 351.2     66.4    240.74 0.889         0.0      0.0      0.0   4817         
 346.4     64.9    239.18 0.883         0.0      0.0      0.0   4840         
 341.5     63.3    237.55 0.877         0.0      0.0      0.0   4863         
 336.7     61.7    235.90 0.871         0.0      0.0      0.0   4885         
 331.3     59.7    234.00 0.864         0.0      0.0      0.0   4908         
 325.9     56.8    231.11 0.853         0.0      0.0      0.0   4931         
 320.8     54.1    228.41 0.843         0.0      0.0      0.0   4954         
 316.0     52.0    226.32 0.836         0.0      0.0      0.0   4977         
 310.4     49.8    224.16 0.828         0.0      0.0      0.0   5000         
 305.6     47.7    221.99 0.820         0.0      0.0      0.0   5023         
 300.2     46.1    220.38 0.814         0.0      0.0      0.0   5046         
 294.9     43.9    218.17 0.806         0.0      0.0      0.0   5069         
 289.9     41.8    216.15 0.798         0.0      0.0      0.0   5091         
 284.5     40.3    214.61 0.793         0.0      0.0      0.0   5114         
 279.2     38.3    212.63 0.785         0.0      0.0      0.0   5137         
 273.9     36.6    210.79 0.778         0.0      0.0      0.0   5160         
 268.4     35.1    209.29 0.773         0.0      0.0      0.0   5183         
 263.6     33.6    207.76 0.767         0.0      0.0      0.0   5205         
 258.7     32.1    206.25 0.762         0.0      0.0      0.0   5228         
 253.4     30.7    204.74 0.756         0.0      0.0      0.0   5251         
 248.1     29.4    203.48 0.751         0.0      0.0      0.0   5273         
 242.6     28.2    202.20 0.747         0.0      0.0      0.0   5296         
 237.4     26.6    200.60 0.741         0.0      0.0      0.0   5319         
 232.4     25.4    199.44 0.737         0.0      0.0      0.0   5342         
 227.2     24.0    198.04 0.731         0.0      0.0      0.0   5365         
 222.0     23.0    197.01 0.728         0.0      0.0      0.0   5387         
 216.8     21.9    195.92 0.724         0.0      0.0      0.0   5410         
 211.6     20.5    194.51 0.718         0.0      0.0      0.0   5433         
 206.2     19.8    193.81 0.716         0.0      0.0      0.0   5455         
 201.0     19.0    192.97 0.713         0.0      0.0      0.0   5478         
 195.3     17.5    191.48 0.707         0.0      0.0      0.0   5501         
 189.6     17.0    190.91 0.705         0.0      0.0      0.0   5524         
 184.4     15.8    189.67 0.700         0.0      0.0      0.0   5547         
 179.8     15.1    188.97 0.698         0.0      0.0      0.0   5570         
 175.2     14.4    188.28 0.695         0.0      0.0      0.0   5593         
 170.4     13.8    187.66 0.693         0.0      0.0      0.0   5615         
 165.8     13.0    186.81 0.690         0.0      0.0      0.0   5638         
 161.0     12.4    186.22 0.688         0.0      0.0      0.0   5661         
 156.4     12.0    185.82 0.686         0.0      0.0      0.0   5683         
 151.6     11.2    185.00 0.683         0.0      0.0      0.0   5706         
 146.5     10.8    184.64 0.682         0.0      0.0      0.0   5729         
 142.2     10.3    184.07 0.680         0.0      0.0      0.0   5752         
 137.4      9.6    183.37 0.677         0.0      0.0      0.0   5775         
 132.9      9.2    182.91 0.675         0.0      0.0      0.0   5797         
 128.1      8.8    182.49 0.674         0.0      0.0      0.0   5820         
 123.6      8.2    181.87 0.672         0.0      0.0      0.0   5843         
 118.5      8.1    181.75 0.671         0.0      0.0      0.0   5866         
 113.7      7.5    181.15 0.669         0.0      0.0      0.0   5889         
 109.5      7.3    180.91 0.668         0.0      0.0      0.0   5911         
 105.3      7.0    180.60 0.667         0.0      0.0      0.0   5934         
 101.6      6.7    180.27 0.666         0.0      0.0      0.0   5957         
  97.4      6.4    180.03 0.665         0.0      0.0      0.0   5980         
  93.4      6.0    179.63 0.663         0.0      0.0      0.0   6003         
  89.2      6.0    179.69 0.664         0.0      0.0      0.0   6026         
  85.8      5.5    179.16 0.662         0.0      0.0      0.0   6048         
  81.9      5.4    179.10 0.661         0.0      0.0      0.0   6071         
  77.9      5.3    178.97 0.661         0.0      0.0      0.0   6094         
  74.5      5.0    178.74 0.660         0.0      0.0      0.0   6117         
  71.1      4.7    178.49 0.659         0.0      0.0      0.0   6140         
  67.5      4.8    178.64 0.660         0.0      0.0      0.0   6163         
  64.3      4.7    178.53 0.659         0.0      0.0      0.0   6186         
  61.2      4.4    178.22 0.658         0.0      0.0      0.0   6208         
  58.3      4.2    178.01 0.657         0.0      0.0      0.0   6231         
  55.2      4.0    177.82 0.657         0.0      0.0      0.0   6254         
  52.4      3.7    177.48 0.655         0.0      0.0      0.0   6277         
  49.8      3.5    177.28 0.655         0.0      0.0      0.0   6299         
  46.9      3.4    177.18 0.654         0.0      0.0      0.0   6322         
  44.3      3.4    177.18 0.654         0.0      0.0      0.0   6345         
  42.0      3.4    177.18 0.654         0.0      0.0      0.0   6368         
  39.9      3.2    176.98 0.654         0.0      0.0      0.0   6390         
